-0.00020046451003222454
0.00010266417926263733
2.053727320582309e-05
-5.614607828596299e-06
-0.0001704692377686043
1.8019929586308396e-05
0.00029995868226222
2.8979284390177923e-05
7.815611725749036e-07
-0.00010045080345352843
0.00036792082939318617
0.00034361453184932945
-0.00010991304964677998
3.5533584488325036e-05
1.5043857783854592e-05
0.000369254678512294
-1.116559770814712e-05
-0.0004014916406890986
0.000298963963001115
1.4940459261616885e-05
0.0001531495707733856
-0.0006856893027546049
-0.00038816421582760777
0.0008495254778751967
1.7308362807226276e-05
3.206570771779614e-05
-0.00048628031027464274
0.0011855333706897366
0.0012733561465100513
-0.0004844391275497281
-6.070508154354095e-05
4.4338397090585065e-05
0.0012254658989166863
3.5617681950667216e-05
-0.0015088482435482125
-9.711147312450345e-05
-2.2308138521007766e-09
0.000419562551728182
-0.0014696730206271874
-0.002061792178815195
0.0006738288561512017
0.00022201576291415716
-3.5601292233742386e-05
-0.0014442738545419605
-0.00042073912264514393
0.0024115282698393007
0.0004433883882002699
5.6255301475932423e-05
-0.00020203026602033867
0.0015595322482404317
0.0024541468773852776
-0.0009370681321721774
-0.0003594564683745822
-2.4915415164981117e-06
0.00195973747571117
0.0005875885207728879
-0.003872351834170438
-0.0008934883997965637
-9.454845575518021e-05
0.0003853686519058443
-0.0020358781979523243
-0.005094127407451827
0.0010820278250964403
0.0009878065217426325
-4.174988831828144e-05
-0.0015499555836161634
-0.001038243383779957
0.0056772366949790695
0.0015238009763601165
0.0001540400670857158
-0.0010175951791212957
0.002400485618305896
0.01131258032238109
-0.0012120557199719717
-0.002730609349078281
7.402925214083552e-05
0.003420707973939196
0.011374833382703703
-0.016503969165961828
-0.015579969728076416
-0.00043344806474593524
-0.015372536272349337
-0.003765343716860416
-0.0201689721870569
-0.010451749904278844
0.020026578348520258
-0.026119445479817514
0.0741612327788468
0.16524621779825566
-0.04612393692107951
-0.1094086264096771
0.00027030817279626696
-0.11991817559174646
-0.046411023022577366
0.21430068637693608
0.06144032845586228
-0.060806256508248016
0.04288331034999041
-0.1509811575007133
-0.20562285634842659
0.06145009591970522
0.09569216603759984
-0.001138947223555327
0.005562508744563738
0.19001830921557364
0.23208278750707112
-0.1309471614209927
-0.11784904905054912
-0.018303007838615007
-0.3820837784928017
-0.021208460168009913
0.4901152825095069
0.03969704712356845
-0.0020990272757726754
0.08620501643732437
-0.5646908450389996
-0.303278820551425
0.4231512904576559
0.12173248433386633
0.10542872494071545
0.2883074746932444
-0.23831120655631347
-0.2061101304856277
0.11852368516274385
0.001224475025677912
0.14090495247110826
0.015199088315695011
-0.2699727678903921
-0.025316975567970332
0.04667191169819608
-0.0008098437978632612
-0.011192290477956135
-0.11260822567936185
0.09231783004083689
0.1357661595449225
-0.0015204855370630883
0.1338611880409464
0.07238023253454878
-0.1469646852730312
-0.14284443981858577
-0.012179088265316542
-0.04819952969530279
-0.14442740826688857
0.12029744883915845
0.2367126558133117
0.005346853183969195
-0.008003437926092578
0.07075263696253084
0.031876554443894166
-0.2043011720330107
-0.23567987474030283
0.05060866642451775
-0.1148725425143919
-0.0029092100088772906
0.5254582011622022
0.17368592009852804
-0.22019605931567168
-0.017437131004465103
-0.04307492573804543
-0.21893264949782237
-0.1693359011558083
0.08509615481925276
0.09167395317338846
-0.00043522333350800625
0.12515387035627057
-0.0575291884956059
-0.021151927556261295
0.18192999326392237
-0.0023665301492907433
0.2711840963396747
0.05524447823022602
-0.6443309114735577
-0.1356316138615076
0.16161799493420262
-0.015966837644807053
0.09878046701620248
-0.2514050651649029
0.022530341819384812
0.39829886493949074
0.006646166280006654
0.3708848591190111
0.26758821694447815
-0.5625264145531057
-0.34521805345489653
0.021437296680265113
-0.04988944875703002
-0.28687903827375627
-0.0913101766113834
0.5689798519106579
0.25728982457020805
-0.044496047494068915
0.2021038711895303
-0.05351467319225043
-0.12368842399447467
-0.19954395369535652
-0.1570372457168556
-0.04938728815786064
-0.5570407762813979
0.07938088182421613
0.7952830322986443
0.07808665344120533
-0.04987225189261474
0.028676188113114152
0.10845870935317349
0.2924126553786769
-0.37334927289230085
-0.27756302841153596
-0.061075948313090496
-0.5403612491995887
0.08436479482482985
0.48303188896063753
0.08517530631437069
0.004483439336086263
0.04154220193812279
0.4064654673781947
0.1316818226005912
-0.5056787646882924
-0.14894224592475608
-0.056224283400707266
-0.2816552074431149
-0.01880816991917563
0.2714582239512416
0.26192267623193055
-0.0004446550559798361
0.23647710064663663
0.19846165705214913
-0.5009254432182749
-0.21995172929063456
0.12758462619422634
-0.0028234289907241176
0.11794742797432015
-0.3056243026662858
-0.24697043735900456
0.3346779697667033
0.06669236185497153
0.15134675839567444
0.3689847751655798
-0.05573948793053512
-0.18280204562475022
-0.09683363095494393
0.02006657008029456
-0.17799193740475672
-0.46236578916085236
0.1414782111614022
0.3923528578240263
0.006266237226461329
0.1800414736320031
0.12962799984088177
-0.26273031044763273
-0.17239784235769065
0.03088473007084259
-0.019787302715687
-0.033459233666623775
0.1534125130334789
0.06649524092187041
-0.09998655528965451
0.0036282172881087343
-0.0674470180034666
0.11289815553451532
0.26208795629534043
-0.16117136239068167
-0.13755677969271662
-0.010940249497722031
-0.1037689923523563
0.036028247424574764
-0.13101244493491784
-0.05433690828891413
0.0929799899389254
-0.10526607936359433
0.4691204735374981
0.556533894684276
-0.33331471476375474
-0.30941101435693524
0.0031326387974047287
-0.26498880172510275
-0.4029099171323036
0.008875365907986814
0.4061884126025593
0.08721883493742733
0.1604465142675251
0.47606645169339845
-0.2608615535201697
-0.4864388968518031
0.06068626006860398
-0.024660947718656026
0.04266185031419917
0.2707599968956228
-0.02020950866808371
-0.14071119942942809
-0.01635616207409703
-0.016360868060836073
-0.09927520080164594
-0.15410023276406853
0.043441144782986975
0.1588260615191809
-0.006572785894968058
0.20527057558078415
0.30276724375151454
-0.2997555770307237
-0.30929676393750516
0.0677250013808604
-0.15336902323673393
0.23306172424339072
0.5702881965743306
-0.24385250517036963
-0.3432535719534272
-0.003812027143573733
-0.3653884884484284
-0.09378182281940589
0.42569147269681373
0.1765446737780081
-0.03159888644755428
0.06610096416128719
0.09277335661965504
-0.09678179775379778
-0.20165676880010072
-0.007529393659676702
-0.004073045929973122
-0.048574488640210405
0.18273030212172883
0.14827543669128732
-0.11305180543434258
-0.0546864439158142
-0.02691745253593166
-0.15452420936893485
0.080395493388592
0.13930060938715552
-0.09554008178535059
0.0004617868906087308
-0.19298502842578863
-0.18632902208609955
0.49124772463455746
0.2705094109100796
-0.1435370157245426
0.13726351318805755
-0.29758820596255525
-0.5456977492940025
0.23130254320743285
0.30372925214313873
-0.001390430945830206
0.2858213475067582
-0.026061130684748836
-0.48930560711636906
-0.02584435516615539
0.11389766181770675
-0.0006183874199405762
0.17159511090698054
-0.15062295886066265
-0.1251332134070538
0.20065329346182809
0.004334574869236831
0.2406636803489327
0.2872931438491275
-0.3598713691128582
-0.36114503238712525
0.019671602478963934
-0.12496799805120894
-0.21842277687435255
0.37658607466352745
0.49337620448430786
-0.10589846031262568
-0.019904430823088053
-0.02599478596118446
-0.20484599609512552
0.11743657846935518
-0.10067414686450053
-0.1260253615884085
-0.07874465063546998
-0.4935647320240366
0.26944966751803245
0.7093827938720955
-0.03648263761536198
-0.028553313797852604
0.0401204316581623
-0.1217189184521577
-0.029499822124721367
-0.13679669692081603
-0.05139013966969765
-0.05182291220289854
-0.21194478155233462
0.06676122279833924
0.27974819188121663
0.11085851621557478
-0.01110765270657898
0.1921310984666115
0.029448900160722373
-0.4929006737085695
-0.1653001513476303
0.1597899773476363
-0.05756987358686156
0.23092742842155772
0.20365397253979023
-0.207734861183682
-0.039386800515466086
0.016872451747194237
0.009512376328006316
0.20679677778478295
0.04245110156910385
-0.14557674280430827
-0.07005924044793685
0.00852102874926541
-0.18644890255397398
-0.3336646895520188
0.17941887393258837
0.33108043393785425
-0.003899739938198938
0.2417267457739017
0.01606170877099584
-0.4028012602118937
0.06008677353681694
0.11624342149202228
0.040659183388421095
0.2142676391978541
-0.29077415290047776
-0.36666601242282887
0.15026018096406268
0.05068232018787251
0.030781218878511683
0.43176019203263893
0.1509440248260654
-0.4138750159766188
-0.13934807476186423
-0.07061141709239611
-0.30224598783388573
0.26569917923623104
0.31732625416945
-0.0926739498908931
-0.0009829539064254503
-0.06799576289749183
0.30858290493231144
0.3523644054972174
-0.4487596297161328
-0.24225783559965525
-0.05697881328069647
-0.446143167764938
-0.0511252576399034
0.4168035159864707
0.31235711103154473
0.006287980329173517
0.2717343855700847
0.4247556240082813
-0.49838359989151015
-0.5634146033095146
0.07480014303679984
-0.06267841474162314
-0.0403706449942245
0.010432410455882767
0.08449048537135376
0.2567262983493126
0.006739437666984468
0.2307314587215291
0.14599098217514248
-0.5521817513323566
-0.18296158110655045
0.19801567692271105
-0.02485111332062816
0.24464154528105944
0.2013573423288923
-0.3140884078360175
-0.18454943875739854
0.04607336664592779
-0.1422943051574563
0.2114180334707837
0.4677041357857177
-0.2263056209936188
-0.26746123694302076
-0.025146608747345648
-0.4535103119716894
0.06493452590959573
0.6585485447749049
0.11468226643239726
-0.06725838272326505
0.1093650115241908
0.082970480167871
-0.1534259836681838
-0.40622962224542575
-0.0632952642045903
-0.05228509963351035
-0.19618681592138562
0.3917727611878609
0.22257037691376796
-0.23533495337016197
0.0003761382881705541
-0.16317448146746624
0.09818528139452229
0.5948539489643478
-0.04145380065248685
-0.26575352437843547
0.0038502241475303254
-0.20233571966925748
0.04233612533513898
0.09772439941278156
-0.21916214157645147
-0.012431903621878189
-0.18909916541663319
-0.14767514924016895
0.5444063991881786
0.24770124285811598
-0.182259302170689
0.015445335181228688
-0.12315032816144118
-0.07795547866727741
0.14072069471636375
-0.00033758451025962425
-0.035498388684092094
0.020385501907064937
-0.12435505603888056
-0.2213825127216638
0.07107670561514742
0.18854719723319052
-0.0031744730481649253
0.2624334348263789
0.20610320065860258
-0.3705395176178758
-0.2638342809435581
0.03887406932324343
-0.14504084274017126
-0.11564702186605232
0.4239602131110337
0.4183463673755341
-0.1414882489029539
0.02663753708529982
-0.011954143472859136
-0.6147891553210151
-0.2746699826114837
0.27536048124837986
0.12211973106988927
-0.03444382247212399
0.37251363674552584
0.5730990958348211
-0.2207798923241218
-0.40129248456066247
0.0014854548137968992
-0.33487492515322836
-0.19714321894676654
0.17388584225289272
0.07731197252143714
0.05872814313598628
-0.05201083776887465
0.3125429192919208
0.4075977145695103
-0.3526927183888077
-0.2551276330332584
-0.0032137869057769367
-0.23506987871241136
0.21247625444325777
0.3701847658957846
-0.13552118854620837
-0.10566297133988746
-0.031649317209629095
-0.32455875837275344
0.03236684926899313
0.44860467732591586
0.01819345359746881
-0.002022453689350224
0.05881619554623963
-0.5669851242150228
-0.23618178109777013
0.4449842754792951
0.1162556405446289
0.10222236291980996
0.3672153938604741
-0.04449018912824854
-0.3887811264678788
-0.15134949278648938
0.0038912352351798767
-0.2380437705861474
-0.012431817233567241
0.48163202121857496
0.13276995176911088
-0.13353886861602016
0.06251496241654207
-0.2798727706900863
-0.2716266880277572
0.2925788592034704
0.1810598638173378
-0.006965932782621821
0.20010311592247157
-0.03297232268504731
-0.4603835447285774
-0.18449127931183096
0.15069743429969146
-0.13325082051506026
0.2594273756417193
0.7418436724166758
-0.1161579813318318
-0.4033452863394573
-0.0035518423731435204
-0.16935964690552988
-0.05320308550055031
-0.1423021040712926
-0.1835414334062847
0.1498243146999613
-0.1424263832887214
0.2911031227310923
0.7791502672375435
-0.08280948898746068
-0.33455674891999826
-0.013411613362728992
-0.01857537992831674
-0.2616408655581621
-0.4758017100011193
0.10764333224654447
0.23651836165060247
-0.012859703776059455
0.3675842092317089
0.06141503136056797
-0.15482443377147237
0.10918813511982667
-0.007037070021168884
0.2421917211424602
-0.07999561590039186
-0.6556681143227859
-0.08867459226508223
0.16489601865942446
-0.057719375673725745
-0.0027880419441893706
0.23310913698351288
0.4396192207985914
0.01683391825510451
-0.06055247622242906
0.15082997150910876
-0.523403366856161
-0.46902407683416897
0.3100810962344932
0.15701516284544745
0.035773954785257564
0.20074526733566578
-0.0864651381900498
-0.18012692274246453
0.013894752597357155
0.013573773786151667
-0.026460485671778992
0.052413325669136514
0.1373407618576277
0.039764531072948354
-0.06279411703306449
0.02827797691963024
-0.07616348540385513
-0.21809164600680087
0.005209463120233098
0.1266196059892641
0.013943956240995667
0.03484458159319586
0.17537367325802608
0.09691633358518602
-0.1677462956080462
-0.09684426172635928
-0.015777728625272436
-0.16762637423677051
-0.034030683773144645
0.07555851342454573
0.055416892968107125
0.026350271726645724
-0.0048655416502770095
0.36464036103543523
0.19947938778126964
-0.4137441132603841
-0.13938971428035468
-0.057674059223844165
-0.21516875546668476
0.2406068252232084
0.18002296108209426
-0.10830282912489628
-0.005761131579624882
-0.06570035407319927
-0.005319586779130804
0.16895257402223374
0.10324061993675096
-0.046229664654689924
0.04177386169393457
0.03427594402890582
-0.4450483160682305
-0.2556393237847474
0.3052826408028984
0.06601896048523803
0.10922620910667254
0.3264192786287977
-0.001390928896875313
-0.1549465695262775
-0.09909227212562953
0.01631196195953923
-0.1932229042310779
-0.407858509359086
0.19680329274797717
0.38085731808182904
0.005103220428873867
0.18606628921837004
0.24423825317390288
-0.22078622736952627
-0.41680299141074484
-0.04706840065518155
-0.052746684489514896
-0.1969293899847679
0.3802119619850602
0.26517647276299433
-0.19788013820731776
0.0013097698121601845
-0.11844502046624701
0.26603716067055466
0.5068586186640308
-0.38366251682746527
-0.3181074540153342
-0.023360561458791597
-0.39347998624480074
-0.06862336765064021
0.2952540584791267
0.21793184012894226
0.03571935808675749
0.10724378634092488
0.4332568848537098
-0.07464089793196793
-0.5255057923746773
-0.09025743893494945
-0.027730128558290976
-0.20104884759778785
-0.0031202237417874133
0.29666310465005347
0.2387202999796477
-0.03429979991022827
0.1753918117431916
-0.023049479007585385
-0.5095332400123332
0.016930296720297108
0.21962357139958802
0.007563624355499456
0.2602965804348613
-0.20571244251854506
-0.4860576167053633
0.1181731707443593
0.11346323727998986
-0.020266615483199513
0.23797806976864705
0.3068295753906714
0.06598477176766174
-0.19514702639466125
0.020776447866266205
-0.14691683590464574
-0.5531469752309843
0.029096127646745285
0.31690854438738564
0.021937374945455886
0.026059290195031018
0.001124142360229711
0.2388779739245652
0.21373371989875117
-0.18255337346685888
0.01513948053063041
-0.13192979649465902
-0.5146690580078331
-0.034515962575646195
0.3312559181460714
0.07654004285769038
0.06301217004688173
0.3408724455353261
0.043836557310017586
-0.40484101668435574
-0.10560613517270594
-0.006722765855356753
-0.13463990659369698
0.27552429321552363
0.21566307139248067
-0.18422626507163128
-0.0501408778053999
-0.05648692971070826
-0.11761422610097075
0.11924548274750692
0.093944725300095
-0.020480742740117398
3.738654997540063e-05
0.008094592187444884
0.09929933876203653
-0.0007984737891998067
-0.15060803409374315
-0.025393291481187977
-0.05133906109688022
-0.16303953604065924
0.019106046726427142
0.26984775754945206
0.1440566953005148
-0.002582533373318357
0.27779979362283413
-0.0515831666042877
-0.5882942621579259
-0.09945470554012675
0.12130454806831042
-0.03787946087045805
0.05867350648375228
-0.08092431461883653
0.15797109579282992
0.23309686451754236
-0.005133774642107339
0.32113739270231756
-0.06790611801361877
-0.5439155500399364
-0.029122014977996772
0.0815642051742769
-0.0009154187593545911
-0.023531594571088384
-0.14952100910320398
0.14059329032592596
0.16585225545524757
-0.0022248999238419958
0.1442731261912106
0.143557234607053
-0.11091413392117665
-0.28434244431445443
-0.0497118295141017
-0.10435126732195041
-0.27227602741682794
0.3636171672283469
0.4109399707958896
-0.12270333691628861
-0.01676904705354327
-0.03561405912530256
-0.05937569279361116
0.04069485061799589
-0.11893942308210767
-0.03891308891473504
-0.0466305075633778
-0.15498658251280348
0.0793081232395253
0.24968603794089905
0.10183178659420085
-0.014826644343536474
0.20785762433360022
-0.06495191762104927
-0.5737829330053067
-0.10188070152060848
0.17386757983886447
-0.06107882185761805
0.11093048245194259
0.2824371352342633
0.2940986743842407
-0.0279829877939384
-0.054625940827468876
0.15192890444807852
-0.6086763706517732
-0.5438218223450388
0.35507380265892236
0.14324722884466223
0.031014852086486463
-0.04861236213410231
-0.12202525993457798
0.47679826491005123
0.201985443845643
-0.05659682649068157
0.21912412004653467
-0.26508795488651193
-0.3154683804806339
-0.043203685162974244
-0.05533038810071016
-0.03352113472936756
-0.417363837246632
0.05018398754193578
0.7590388954248394
0.08610700531191891
-0.07626200857304512
0.07796760103127293
-0.42668257972172685
-0.06779112128325414
0.3410512411273896
-0.008527994625512224
0.07416397674124235
0.018206482885714453
-0.45711825107570536
-0.16701636497749991
0.27072649959481304
0.038478391359513454
0.1392285848143359
0.324756230848174
-0.22181399263935556
-0.3548778058777319
0.03661440112928286
-0.0675845713611198
-0.08630910348881388
0.33640782953843934
0.3850626927889945
-0.04979664222870436
-0.07931855818640353
0.12523491911160842
-0.44124988246606395
-0.5714419609081293
0.26746069828033897
0.2432753481359189
0.021644201446533833
0.24965506254086678
-0.17157196235836866
-0.16914012198780803
0.2084752771750291
0.014721136197127109
0.14664373359017932
0.07104613348274762
-0.21041714430595765
0.024608473283666568
-0.016020918570433407
0.038709617848603044
-0.10493532138806662
-0.5972215517225115
0.04561214545897888
0.49928623398592104
0.03875971029867183
0.2074739144071249
0.3898734227805038
-0.06068961780448063
-0.42474767890844506
-0.19322171303756153
-0.030634101020812918
-0.45307280896347374
-0.05352355639665379
0.6546387645430081
0.2163304990598476
-0.0641034218473332
0.13746480076549614
0.04565637018819905
-0.18766779704354591
-0.3109130432529714
-0.04000222249425656
-0.0450063299431623
-0.1901337670404291
0.4050330815270512
0.38771942309287083
-0.2429589156201661
-0.0780493815808911
-0.10517158773113178
-0.3232958834748821
0.19615635797247555
0.36121006906976283
-0.0017133917172792018
0.030837742382941614
0.17034245606950096
-0.19255703004918953
-0.5342341878231965
-0.06684823110547716
0.13646015647399456
-0.14307334814552977
0.42144550336863995
0.5666491109223822
-0.18006227940531366
-0.2283754881397403
0.01130878867762926
-0.0813411575666475
-0.3857249872835815
-0.2880851924174814
0.2909795608165748
0.128004194593625
0.06026572942422499
0.4000363271111691
0.09020641771651386
-0.06566054768183335
-0.08006169511405808
0.02514221504316596
0.022640323128737268
-0.7303211745812399
-0.32368540760961434
0.5077698801795728
0.0971540365654862
0.12135505137995359
0.12126565835383889
-0.12185733955780981
0.23460172335443813
0.06763080493222624
0.02085702147690938
0.17240526105426918
-0.4706401490253648
-0.38718794041621185
0.23829388506811638
0.0791040736490407
0.06099108459942828
0.14429051280723149
-0.1747420812256547
-0.13114580863952108
0.07065232259107128
-0.004292686654490292
-0.02045603628643527
0.0999718423266063
0.2722017152617706
0.09294757820295636
-0.10738531579516256
0.127070712158259
-0.26473480594312565
-0.6153723179759201
0.1596540927381457
0.3432905499822829
0.0003815814409371532
0.32585300366863945
0.04000540677082127
-0.5500453240080845
-0.08602577173346802
0.14517594893229757
-0.05299780613283127
0.3250522785228252
0.17967901584573362
-0.25660130888670357
-0.013866353276920514
0.0006707915391325814
0.1190639538196772
0.21820978003811728
-0.3758725058996223
-0.30388976392224737
0.08473978157670108
-0.1382031901377075
-0.028075796095111974
0.4325819400539658
0.40725052715423904
-0.09419894351733882
-0.0127823552132273
0.08954748547549103
-0.6434661451027448
-0.3919456702718677
0.33981094362148107
0.10880415347745967
0.013236990585906822
0.034050833946991196
0.22957806803727632
0.34073018453539233
-0.15414047292321215
-0.020230142143240145
-0.061064170804873925
-0.5075108484843773
-0.021956904937204664
0.19270256247992365
-0.004327822963746348
-0.01831430674085379
-0.14118605773848175
0.17680718774384357
0.3022867349483518
-0.03367566638370705
-0.01172864161457412
0.0610878008664563
0.005207477941628331
-0.1878519609872008
-0.23152355302674632
0.03529529418447539
-0.10756443520791203
-0.03192945428131999
0.4946652482653499
0.17458737785486167
-0.26741535244873077
-0.018135088976348874
-0.17493528306814912
-0.3399098308901189
0.23095854781388767
0.3450153566881577
-0.030311478441198098
0.09168883365054183
0.022978883139954522
-0.3674140406302459
-0.08724405302689106
0.1976427976895343
0.007729023967902646
0.14344218053331453
0.08865265004791818
-0.2522852064844858
-0.07435428942221087
0.04237673131593528
-0.004931653446649013
-0.0658460259920956
-0.15696385157326645
0.25221739796075504
0.2592674199021099
-0.022860610577447132
0.2737097897399848
-0.029365470002429776
-0.4743592714263482
-0.19902931331670998
0.01715073150931518
-0.06530329663578606
-0.3322432990779115
0.17042620296794567
0.7511307497681188
0.08553739762551815
-0.07290608787517841
0.1470881376689483
-0.2789651889073313
-0.23545783498277847
-0.0643815475432708
-0.024605395997875524
-0.04940307700079427
-0.24805387914764546
0.2655865363347993
0.5045069755459366
-0.09546936238940243
-0.06638906765516234
0.00248446601660856
-0.4589995311604961
-0.17079050985554523
0.38686903708606235
0.12337266861577584
0.05447101574977404
0.2272983777997275
-0.20603060348925295
-0.21036407370695406
0.12102350148450354
0.0031443278321205198
0.13086290278179563
-0.08425957116017245
-0.4865143769605416
0.07125396060159644
0.23756135423111752
0.002060564790273536
0.35165681299354484
-0.01261145425134
-0.44384981536164647
0.05485892785116458
0.06689978237810879
0.039351342666644924
0.4045753886140654
0.04671036361321348
-0.32385635909381066
-0.11481570564893238
-0.010959033963907462
-0.253617115227164
-0.2893529427357759
0.2880302865984378
0.3700758919272301
-0.007170630564690558
0.20880894468583996
0.17318514187765674
-0.2284298010989251
-0.2782043859539414
-0.08312206938068552
-0.030543620419949114
-0.35279213294255624
0.03966235398735336
0.6947697853855872
0.16351129222350805
-0.10406384957020588
0.17653825643256088
-0.20021529336309965
-0.4923012317973635
-0.14704718469952183
0.1532524873346221
-0.04491460429467804
0.08777075341423665
0.44179416548934103
-0.05887272377891889
-0.24626800923513487
0.028491531873959856
-0.10018043776669519
0.2554584358648791
0.2764416516165595
-0.35488419204838084
-0.15593425182830445
-0.03469562333951829
-0.23079548082363385
0.2885672144007178
0.3717610135547508
-0.15400476096244572
-0.07772812324801316
-0.05203391880166098
-0.3300905040451931
0.06093902536061817
0.38562481867326176
0.01938065916151947
0.034317643981324086
0.09470916801850353
-0.4208671942040666
-0.2798673151435922
0.27123966564896773
0.08717111066517128
0.07913779084019539
0.3560251285924986
0.0034353223700351204
-0.302303270482401
-0.1118939126497081
-0.005779784563644112
-0.20416802254514135
-0.18338425555184892
0.315875672294145
0.2982169459783227
-0.04850417377158314
0.16884923782737438
-0.061914010365508115
-0.49915137948107824
-0.043761370101573535
0.21738370399838636
-0.007859718839242821
0.1978528893697363
0.2501744282906276
-0.26569823466937503
-0.2519188239345101
0.06486250726637208
-0.13934893883695693
0.24323806287094066
0.5773825398172314
-0.2671229889395145
-0.3651647096450957
-0.004373370428892884
-0.38340812904457905
-0.10686545033849543
0.376283094458236
0.2001885054962698
0.01731245055890561
0.06185711398293108
0.33015693194390344
0.01839000871583896
-0.48935180394265165
-0.1102484703737098
-0.00806399117742714
-0.1498861422953999
0.27818834147013066
0.24508274845491626
-0.13354419234533163
-0.05935758529319543
-0.024596817551462206
-0.1386459312735362
0.055484773379027394
0.1101941960843884
-0.09250401763814547
0.00038608331070915454
-0.22513551588721212
-0.2156729457756765
0.6026388240555027
0.3454977908404878
-0.1645566923043847
0.1538714229871988
-0.26897255831098277
-0.3663187929445592
0.1605198151913495
-0.00023452670367030452
-0.0021840590991964127
-0.15524548443384573
-0.3392268291516479
0.3450789639353709
0.3774300969996622
-0.0760814171228185
0.12687062891703896
-0.142219082275573
-0.4365689044361873
0.18468630748334286
0.2674757667978376
-0.004767866545367339
0.2704714632174641
-0.10571703070808505
-0.43748298497433813
0.06140517325500909
0.06799334074313927
0.047811706600274756
0.01179137799667352
-0.40384137625107464
-0.005751193404824935
0.30970978016624506
0.007602767964884442
0.21211342955033197
0.3798200749459683
-0.057641268045039044
-0.41720216641171437
-0.11982568748155387
-0.10553761051723062
-0.4757940603833197
0.20920436086540461
0.6350948194159807
0.03998362092680992
-0.02306331119718469
0.1371504279308261
-0.0021220023200031893
-0.31420705475616834
-0.3265234316766514
0.055646576342178115
-0.13428424154454163
-0.05517868238273112
0.4661330070002113
0.23604407273459155
-0.062087084299335536
-0.016709952276056324
0.14917426363535802
-0.05671225218984018
-0.5542534535067231
-0.14991230227348476
0.18327644500072823
-0.07622717044202595
0.16392364832015144
0.3596911155454084
0.14906387470894508
-0.11718936052604273
-0.03782604754035494
0.02363731061235428
-0.4832219622309066
-0.19310165916662703
0.3745971677065892
0.04861234447250294
0.06625643430634054
-0.052314145518215116
-0.3220746436494199
0.23382090271657394
0.2693547184199867
-0.021426354218260786
0.2364955610060118
-0.0036276457955342753
-0.4478170463994921
-0.21344784634227953
0.08209526586939124
-0.07505162140578522
-0.04257000900918055
0.40516977753619876
0.2547594618799662
-0.21447122591594447
-0.04076385452437014
-0.11909536007440014
-0.3545802411252299
0.21777592805540183
0.370858489686384
-0.05526388301455919
0.07791558959635324
0.0068351656692172014
-0.4013930575562385
-0.21894296274830735
0.1570329680740685
0.05580625826427364
-0.016285704277969465
0.4826663289761843
0.3587933424201081
-0.4219640802387823
-0.24023069684636464
-0.03755915538427922
-0.4084762228805141
-0.12537708653648963
0.3599269438037365
0.30247666408331497
0.007703117359709741
0.25018640343294896
0.40058227904442345
-0.48345210751754886
-0.5525294482861745
0.09491183071576376
-0.06846952184260609
0.0195930816396524
0.09701659256446196
-0.02477872478979982
0.17214700059610694
0.024653020782340048
0.14884896200627137
0.1979400396359059
-0.20307569567503325
-0.06763294800863633
-0.01822933863300229
0.03597205161960713
-0.09009191816591354
-0.6249348571283986
0.00851970900981881
0.521067592547056
0.04164118688466086
0.21439670854617549
0.37402338617054165
-0.06864210865318847
-0.396465932476548
-0.1945428158252264
-0.0291012527878408
-0.46902941606195575
-0.040453556417177336
0.6965382757025845
0.20131647878168646
-0.06811705252576859
0.13104285488160017
0.08104322749729313
-0.1654654207553478
-0.4022407727200137
-0.05522777516692446
-0.05431317481716759
-0.18977028290095072
0.40529976136664586
0.25618490419998297
-0.1559105056972853
-0.006506125770586467
-0.04227828906142124
0.16331560054120475
0.13901820920610164
-0.22778359076812474
-0.09680271747323922
-0.0069213279189015145
-0.1161706319102495
-0.23070725185138732
0.016407980468056173
0.38551788945525967
0.05942968898252556
0.22413022428662566
0.45102165846504905
-0.43169955189221637
-0.5380314853758874
0.022673440218335766
-0.022453879884314062
-0.16148844587703853
-0.14505126713116034
0.3228105742111199
0.39013936411205313
-0.039543561343720966
0.20369624596032665
-0.05555240462192301
-0.3558886392469757
0.19272163114366642
0.047567478767413164
0.0296335602447059
0.03506583484839766
-0.73712407033842
-0.20601931316069863
0.5178782484502575
0.06876015183307094
0.13029738621786435
0.09565818061079658
-0.1225654245534137
0.19192477963074833
0.040740116785324416
0.01876244546633572
0.13141113764271023
-0.4736805912343078
-0.3924635147658364
0.25956470322192216
0.11787745107229292
0.043365177460761774
0.35488069871791333
0.03918073533706739
-0.3756476686438844
-0.08175188800834175
-0.009633746684074247
-0.11844388369591086
0.3463456150410482
0.1987486763061562
-0.3077367950924699
-0.04608309344954718
-0.14408237534745438
-0.15510674219027193
0.4823847721165887
0.25631349664759684
-0.1703301581934392
0.003219553666882789
-0.009574882171046836
-0.13211061947839575
-0.23466978233341496
-0.0979061710429211
0.07478957447962192
-0.08669523230081179
0.08131457987876786
0.20130749135913253
0.03632985413213729
0.06577609247451956
1.4312334733883643e-05
0.23549924599900893
0.19337573040819048
-0.5612460874594443
-0.320892292017958
0.1479625200007421
-0.1405621443742615
0.2837416168654249
0.5197102596687909
-0.2349705622424611
-0.2815946550582501
0.0024989959047241493
-0.2492343485631012
0.036207448424973164
0.4088126830688072
-0.004465446818073952
-0.10569141576720414
-0.01573206238192283
-0.2571511085975843
0.14253127950294744
0.39177853168507254
-0.09854068897722607
-0.015899911608419783
-0.07914545453703019
-0.44187143060048417
0.16149011590147344
0.3568317800950194
-0.07280234681749134
0.11697540932005743
-0.1943655481153746
-0.5638946805542318
0.15875587486171716
0.3669066204963425
0.002150339442597865
0.2862489251072312
0.24084441301042853
-0.4049581435751757
-0.3248906069748958
0.07194575091823337
-0.10702541246681876
0.018907466167312512
0.43370064089104476
0.18351644773997647
-0.17061985399036544
-0.025675691457056216
0.014161090841684418
-0.471853562583009
-0.40520107135899613
0.3613998346386352
0.21663309547672632
0.060822608435870826
0.40643469527565784
-0.22027783687662336
-0.3397361656506961
0.2213242466351862
0.01712730693265435
0.27087852029960885
0.24767202663941226
-0.618617764275907
-0.338871084977223
0.16436774486446132
-0.09658197769923019
0.15041664106467323
0.40523316954223226
-0.03836324318397166
-0.18679597210614213
-0.0032120762513311247
-0.09128484623889095
-0.05290039312199095
0.06260664028188812
0.031213940251217213
0.04403557892818365
-0.01454271240348247
0.18557839360595887
0.2725878231928822
-0.2608096447046187
-0.29182515071914095
0.010919702154814784
-0.23270368732336338
-0.12405361064573252
0.40429512697157205
0.289084271119003
-0.0763040204411283
0.07849343083819649
0.018568091060442733
-0.4202189864499796
-0.22774752287891237
0.1902202624370195
0.048832490701627373
0.022658949731365008
0.43664188690954725
0.2591147727032659
-0.3916619216735354
-0.21072648923712953
-0.04549709473458502
-0.4327126161955821
-0.003653632688026856
0.5337419813893755
0.19727691612783183
-0.03661713551411536
0.21701092323381654
0.07075872923882474
-0.532276475928962
-0.29013603810574057
0.15152638668971305
-0.04843190996765208
0.10407364452127782
0.010260961183505739
-0.09418336187085573
0.2825103056514814
0.038465518515399366
0.2831603633072443
0.42342077148801804
-0.5977542445284814
-0.47339317544592063
0.11718966048539135
-0.04005492983968293
0.008544146735475192
-0.09704631830718435
0.011132005839437171
0.24051328128954305
0.019059625554788594
0.1237678756269549
0.149421559083228
-0.05150500955199676
-0.03673152427345444
-0.07863268085579628
0.02550606281433425
-0.14967210264856046
-0.4175137741312079
0.1356779210956342
0.36019767867396857
0.0006397002832575559
0.19983732577687183
0.1085564409495713
-0.45804387419893494
-0.206868412102967
0.16721107787650766
-0.03435123479761119
0.1572330205214192
0.3712980185967859
-0.09923486939069145
-0.2675920155628417
-0.008353501496338726
-0.11852272381477832
-0.11925632058085679
0.2023457469979341
0.15682994189430627
-0.03440167263478405
0.013696080501443974
0.02304525186561771
-0.09625494569149709
-0.12708106956986778
0.03215389467043749
0.04186737303489188
-0.008843367219880783
0.1922183414370124
0.12433091486078961
-0.12849167866139427
-0.09917790984863427
0.008838323443202024
-0.09618344069384632
-0.43915774498437965
-0.09062968077839277
0.48447439539298714
0.0934540823391397
0.20563519744397646
0.4684956769878485
-0.28010642359365084
-0.32285133317467535
0.013492645318971687
0.007570039991863917
0.032312867352482545
-0.5174160538886612
-0.28513268408194503
0.491348781240694
0.1076760456644886
0.189507874215018
0.33903418046914663
-0.4493661723682082
-0.24551542369078283
0.22189182102039678
-0.009410183745495078
0.26377694778355326
0.22953176597263597
-0.36532928931144965
-0.20258394995307133
0.05711669542711061
-0.06517228477235763
0.1356992719062878
0.08940457628044395
-0.19461702787824006
-0.014702052654076037
-0.008543713440184205
0.0035049654533521437
0.23995515417947574
-0.10971338400189823
-0.20794381701725562
0.06996202846897935
-0.1291921522744132
0.26301295709766465
0.6112293484347425
-0.20938381991465904
-0.3545196174878099
-0.0010064161100410954
-0.29800973256666785
0.0015538258189518978
0.32981152346277637
-0.07540701522979228
-0.06167123530906573
-0.059891621939384306
-0.15883020953299967
0.19454225064815028
0.12335536908696468
-0.07310022580096096
-0.00014159341509103392
-0.0906309756718471
0.1815902657902352
0.3038958699233074
-0.164430227748448
-0.12599380800519866
-0.03350727387532975
-0.38254882238162463
0.02943941584390589
0.5209947934465978
0.01842539751721913
-0.007333912602605793
0.07961726539988236
-0.6820335930094301
-0.31593934582432665
0.46450937589832203
0.10575549346623754
0.0665699539149976
0.05572317399234502
0.05723767921415964
0.4036326084949295
-0.04325988834769494
-0.020875865389196023
0.07959505530438389
-0.7246105158750327
-0.31967285990538136
0.2921334903667221
0.04710260407010999
-0.026764112321933212
-0.23256386968667128
0.2895249515031943
0.700018970427019
-0.06490690952812388
-0.03308795990865813
0.11470932621900339
-0.4525584698967331
-0.4451469642375208
-0.04156124549740495
0.13625862022469107
-0.12725382576919467
0.15365122230921965
0.7336914018656511
-0.002351056400604944
-0.3872299080123976
-0.0038684960425681906
-0.2049722745607345
0.013283806073999075
0.1790103198352808
-0.13776149752869365
-0.027355815218358292
-0.056324881234468854
-0.08826494303166688
0.13724606939493267
0.19208345290371354
0.09301649298589686
-0.012559583859544914
0.23178664795681161
-0.014075524313825688
-0.6248598453522278
-0.1568043151405173
0.1727245440070139
-0.053924598278680735
0.12623685378559255
0.07241828591780378
0.06946430832125733
0.15513426273196418
-0.008892971588345091
0.2396770408512107
0.03166894470762188
-0.5495400525585659
-0.15922351213027464
0.15231678355514605
-0.050353172224142075
0.1729636733286194
0.23612343385558932
-0.11362973067371607
-0.13056306582279376
-0.000565191527096909
-0.0685807032372301
-0.13497786402526063
-0.012500327103522753
0.2185971788763113
0.10547825322949071
0.043851857613644955
0.3646917223462483
-0.07724884985786487
-0.6200349549908809
-0.07254868249924053
0.06900583173655189
-0.10756763120536107
0.464481101555976
0.30119429588763486
-0.38818110442345904
-0.13435417037105463
-0.06605947165569806
-0.24544108383818034
0.2839852214525141
0.28710736327604486
-0.1312144495775677
-0.015413563009288533
-0.09332718385255563
0.0667409366964365
0.3494362984939648
-0.1347849753805294
-0.20440112045824207
-0.007499542481075343
-0.35767090770311943
-0.19257681039948746
0.36920003048537353
0.29334190996690124
-0.012637698674092281
0.2383080089073622
0.16525965803597958
-0.5037642746402776
-0.2578341502109888
0.12650368555185001
-0.01951942176326508
0.07872101204943704
-0.23218369174725004
-0.10726706810388757
0.4087443868751048
0.04335427325359138
0.2969751830987194
0.38330963487418396
-0.5207080320150114
-0.35809153946725225
0.07032339083242158
-0.015657994301546768
-0.04062258819745921
-0.21871829894169914
0.03918779211049054
0.25542235936286856
0.019030189050162755
0.09030518703791325
0.16375599282579326
0.09101622031567953
-0.10039869786077063
-0.16697007744309184
0.007935307634043794
-0.3118906653435636
-0.24500021315467566
0.41812778272066314
0.24803326774721324
-0.04074701772258822
0.13102477264219162
0.03011775247119212
-0.2024172947123955
-0.2026526354078814
0.001612228443263998
-0.026003379506908078
-0.06270885689326405
0.1589388760942324
-0.007920964372808975
-0.05821989275726226
0.055610369724727354
-0.05737649862855914
0.4199108027133422
0.3382494592417672
-0.4543236903027618
-0.1917090755185301
-0.02662210777175692
-0.1202435605478024
0.15015123948280326
-0.21383630328785522
-0.15229637301079563
0.11732039948477105
-0.15743280327365444
0.478393883024872
0.6051255600602762
-0.30521002485367504
-0.23965056221799372
-0.0036275846148950326
-0.09441244731279075
-0.05302045414056008
-0.1749537225894778
-0.033381559116957615
0.06695295157077515
-0.07401273185359758
0.14170165854260824
0.3026640843394288
0.04897293631733862
-0.13494873020812392
0.013985515796389143
-0.11012634847365581
-0.3707355865382803
0.08282964854312125
0.34903114236723387
0.019008666649906365
0.15898191977394416
0.25980941514630246
-0.35257535993048733
-0.523007838910904
0.04302544910680116
-0.02742901422239019
-0.09714169763058805
0.5739363379708347
0.21073351925065567
-0.3544278165400764
-0.002113486175874017
-0.1493221571811552
0.1983207855117006
0.6336946969454873
-0.2929390820691242
-0.39491433606334597
-0.003689433316306985
-0.34607691329203305
-0.07042142839270876
0.18958316253270122
0.06827982676027389
0.0704198991161275
-0.041856314359386505
0.37064165437540647
0.4060806076407648
-0.37199705552627493
-0.25696347362134697
-0.002480794321030877
-0.1825392014364535
0.1391637654442678
0.1218472265139318
-0.1502896708220685
-0.009295721865592113
-0.0674084400258397
-0.07024836902163771
0.1282239226521302
0.1812292312714402
0.07220675847131218
-0.000813776370434483
0.2334882450816079
-0.11806781964149199
-0.6076084238005767
-0.03793037562816233
0.15845451260107485
-0.05275155221593205
0.16378856960521676
0.170915866279499
0.1939495920172878
0.03033494275950565
-0.008975487960722632
0.1881961629633596
-0.43601970803665147
-0.49500746738049345
0.14938102228254876
0.09509125665230016
-0.03420763657943316
-0.10120340851643915
0.25689647348091565
0.543149939998363
-0.06972406187146037
-0.025040513427644837
0.08369761725851871
-0.550394876721694
-0.4178485135194807
0.13691154303768083
0.16222823432057748
-0.08247092793647276
0.2767881770798239
0.6884274294593935
-0.0815575264417969
-0.4269082391486685
-0.009657375791735078
-0.21679098611158032
-0.2868366749656154
-0.031308992945044585
0.1499537835809744
0.13015082974788605
-0.013651588932518017
0.36755374852467226
0.21382432015938133
-0.441540013340469
-0.11931219803208219
0.027556805879250933
-0.05975243612504113
0.4527734792245561
0.12174623891697003
-0.43350623004594097
-0.06661384456643117
-0.09641014044719891
-0.13680725026066726
0.2768947732820571
0.03834308456163879
-0.12418364016098428
0.012762265327276767
-0.13496645760263157
0.24149271740781197
0.4276155170162805
-0.1724050837680096
-0.18635234253898592
-0.01169653493380928
-0.37417166662131535
-0.10434354162814433
0.4910864745601139
0.16146242425970841
-0.04117250746188448
0.17852329473681736
-0.2515243735507391
-0.35772327816382166
0.010659682517637428
0.021732967039295913
-0.035821112968531035
-0.30267440747668606
0.13180031537298476
0.7842535325408967
0.08168298384045382
-0.08315156146182977
0.13868467897236034
-0.3337505784726442
-0.11697388503529002
-0.07150590346495153
-0.1502013468593269
-0.04574324041299497
-0.5680543014791976
0.10545713623943974
0.8333333333333335
0.05480975290110698
-0.05841006623723064
0.01225251372906975
-0.031035798096150338
0.28317355604912703
-0.14062850008964156
-0.23009370394907128
-0.009036165327171846
-0.4011199509639776
-0.17825764949363235
0.32372195987714497
0.21980059797323634
0.004765242633075422
0.1434312926637538
0.2927963429848383
-0.2129639480102072
-0.4285794180996537
0.00045341946462886304
-0.07271572887012838
-0.1779917158881949
0.27282756663357777
0.48947914800080633
0.06060947277383225
-0.08491061593294763
0.18588891011988298
-0.39168699131502316
-0.5768352662220484
0.27150009251800705
0.17717619991949243
0.046888508200360245
0.11173773170908889
-0.5655674637246706
-0.09442070300972887
0.5272562496339304
0.03619690531047206
0.2773225319290811
0.280452269823056
-0.3133220201726885
-0.17018752170324355
-0.04075866897343025
0.0196774803757006
-0.16573297074259577
-0.48812409140376545
0.16441269198592454
0.41647796041570206
-0.0018542142087370648
0.18375381651910383
0.04025189349322809
-0.2729296635222802
-0.002288994921984205
0.06873562610865318
0.005675388946857064
0.09202834223716079
-0.05281052832703009
-0.21416218668822384
-0.0019656440675928787
0.061919348713346756
-0.040908122059794785
0.34586620125052747
0.2461313803131686
-0.3794815837817408
-0.16428511878266844
-0.029618775051927303
-0.2155967843978471
0.15584317150912705
0.19988323483387652
-0.035000011831685676
0.0023711719616162307
-0.021691994623701305
0.1357680930516887
0.16868637210933762
-0.15616113154224753
-0.1372172413009171
-0.0032406133773025367
-0.20469534922078966
-0.15747379452762
0.28753340291515495
0.2587975979437877
-0.037833189767187254
0.16368490783655995
-0.05024775220066689
-0.47222786682157364
0.0421267556232597
0.21237683223789516
0.00870038939577963
0.2709238054356666
-0.21893304530524255
-0.5325435631980336
0.12110002773864822
0.12120805382752348
-0.021984896394519997
0.19447848836937803
0.27484290792198235
0.2362937040581768
-0.12083186756554208
0.033524815893594344
0.019500029072483643
-0.7650513832717671
-0.2872283526342681
0.3849178336784973
0.06482182020116513
0.027527208451292466
-0.056583224180853764
0.18944198867514164
0.4477299135600276
-0.09130260545198632
0.024202817925094978
0.01863038937936148
-0.6787412111992592
-0.28100274193399627
0.37489255861532905
0.12054756290500016
0.0607681507102012
0.41204973104460874
0.06447651261786481
-0.42533671192901423
-0.0960219156458642
-0.005685318773247683
-0.05963705469005241
0.1540266286501284
-0.11480979521763252
-0.08295463037173538
0.09730190530205832
-0.05006857859760584
0.37314970671048087
0.2958143041561039
-0.40788505733391395
-0.2244347222207638
-0.000949019095988947
-0.2575846076855639
0.022638316226447828
0.4465157100607672
0.12761231228750816
-0.10854659124422551
0.06444817726885393
-0.26865735009060837
-0.16822261041494485
0.4208727046026008
0.05766976280073774
-0.0070254381061208345
0.08755110323065282
-0.6940179864408115
-0.3167015260874028
0.47601021838215624
0.106263829190162
0.06991092158481832
0.0643878839940459
0.033175239819817744
0.3789923074340144
-0.01993150346442922
-0.02010300634584999
0.10225038113164833
-0.7227614943868663
-0.33907295839113116
0.3527483985026676
0.041474659202613416
0.02469950462153614
-0.2469568021485066
-0.029321186859454142
0.6394825155910602
0.11867516164582785
-0.02464116506095398
0.16391597431561133
-0.17637470370733666
-0.13154744217608805
-0.2068918692483284
-0.10046030325031696
-0.1044358184205864
-0.5075116466039934
0.2762100107860963
0.7213326111662937
0.019577771270169297
-0.02601953120334238
0.1347272354216112
-0.003707036565661721
-0.3114843201411336
-0.33999574192047605
0.055463890522170184
-0.13762107225777112
-0.04998614611745335
0.47411499154067144
0.23145340796399397
-0.05523691422507386
-0.016535321808231914
0.17055554163330502
-0.037875637887671294
-0.6079799358249499
-0.18011271159711548
0.18760835004366297
-0.07258872081054325
0.1357959170388759
0.1912715925400287
0.1671001484612575
0.09850409058195567
-0.02953180391248732
0.2320673672517295
-0.27097489955247633
-0.5766223564630928
0.13277366780391242
0.13100467311388617
0.02215863903471344
-0.002429416934494437
-0.23786774742221786
0.2463571229992407
0.28755749769210653
-0.02427497286951867
0.2683287941326534
-0.004676658079035502
-0.480051295489867
-0.24944192711605503
0.0644674730802043
-0.08886276711791498
-0.11639652793767781
0.4726646436839217
0.3299110620841962
-0.23324547640887947
-0.03065193018427618
-0.12544883445539953
-0.0273713445562046
0.32217427598324777
-0.18315581964736846
-0.18746241911777056
-0.05330838008894939
-0.4348402995180051
0.18859334162422972
0.664684340572415
0.05922767521104106
-0.06924474660449029
0.1688421272260917
-0.22750222089312858
-0.5487994519746703
-0.017088630030737312
0.20572535674898587
-0.02065319414379215
0.23341768427024376
0.004103255877345271
-0.2370046170796573
0.18115800716103758
0.04138778578745168
0.21348246436144738
0.38592371329157854
-0.5444222933390968
-0.4736480026880909
0.16466484191678438
-0.06760378227685299
0.14153794810899903
0.25198879863468865
-0.15229890055674628
-0.03206095002956902
0.03271207616026916
0.004739341001626591
0.2070995916309938
0.07559051139509035
-0.11584533019098155
-0.07209045934279296
0.012685142737393924
-0.08109622290616905
-0.29153909080468043
-0.03577303254316741
0.21329252721709532
0.028170811265629966
0.04955826374869724
0.09614540463076107
0.1161219183867439
0.1068891564553628
-0.10737046214936702
0.043950820893898096
-0.13406758274963992
-0.5049525330129578
0.1301962060446823
0.3300129631766989
-0.022981241171177884
0.13166868889272695
-0.17646207908903597
-0.25268537213449427
0.27899382080882895
0.11774297922722493
0.03411234223560558
0.21342215842286935
-0.2591247175670097
-0.44980111658162
0.06328995462892377
0.10686383615175002
-0.05204768862215528
0.4387606970261026
0.3293452176835873
-0.3626147195249952
-0.16384286592915479
-0.01928900313631934
-0.08863488721416965
0.12921293134432227
-0.1899140435036104
-0.15187205415386346
0.09895771329399695
-0.14787222240623318
0.42620650737857657
0.5847434627019341
-0.32292953647732286
-0.2836540557104862
-0.007747003382238509
-0.2584713765891007
-0.08010039403851199
0.22492580861568495
0.11963050649364153
-0.019699510000161458
0.044691632858781416
-0.05414281924865158
-0.0118451151617925
0.1628688956674445
-0.06338390637435458
0.021211144722482388
-0.11257860088587665
-0.5447016567273653
0.12574518224456363
0.42173403280202615
-0.0007763002523436149
0.10023865186768915
0.012500260575453243
0.10932324497912015
0.147146418976715
-0.20228376278071167
0.017248144622050515
-0.20834980306724094
-0.5242218220708458
0.049623586975735864
0.2781265017362011
0.07422328988082827
-0.019694023269630743
0.33785332745300206
0.5151685704116291
-0.2664187244614854
-0.38536635969551114
0.0002756441675834662
-0.3584847267775749
-0.2859252526034988
0.27827364087375484
0.34634526851193037
0.042129965542926834
0.12906841742580855
0.3952873427035893
-0.24889871517794535
-0.618878743241696
0.004596362754900005
-0.006937361395102875
-0.11074127410932326
0.43292691236017516
0.32193899072914933
-0.19424045961392788
-0.10192537228630716
-0.02219538621553718
-0.28617030971978785
-0.05111564034101468
0.3744657749009449
0.09640754787310883
-0.0016246290350781557
0.180769009870759
-0.3982406577412293
-0.475164439889108
0.232499112901395
0.13864961055992192
0.028743358813418902
0.17694180009017732
0.002540173167190652
0.14712419717030292
0.053808624213267965
-0.008513223245034661
0.1763874892613145
-0.4499488692352999
-0.474836959266132
0.17501790265745326
0.09691666809491618
-0.028953200719657783
-0.08931275655761763
0.2566012682426495
0.5412830569537145
-0.07215667769610702
-0.025555447626994188
0.08613053631510827
-0.5628688223720242
-0.42516938605713717
0.13604921940811462
0.1604205520091253
-0.08425432498025234
0.2642061392703284
0.6881253593958736
-0.07344610200797855
-0.42442143050696385
-0.009153896811584296
-0.21957216425256335
-0.27335445942810827
-0.019462971674823644
0.15038232188107412
0.13179165355075473
-0.011365285885662787
0.38820957912648846
0.2159730767964162
-0.4622456691126725
-0.12378672878449605
0.02648791488652787
-0.04487145602639463
0.41860523542414946
0.03529499247130113
-0.43114691122340437
-0.04043078829288664
-0.10337486534241806
-0.17094865372588797
0.22640092855133692
0.22546719087211473
0.05454072841850704
-0.004328302189291693
0.1394950470713872
0.15749741687824595
-0.27140610355534983
-0.21169298853751473
0.03283592575645228
-0.01515477696009474
-0.04919950818887866
-0.30402822357350745
0.06171003348139848
0.4127979952257326
0.010378319379613156
0.35818941301017176
0.2941206128617533
-0.522639406267172
-0.338702208369819
0.014121373802514284
-0.04640706773458103
-0.2870321359878842
-0.08953014918112505
0.5642090061524649
0.23957741951344788
-0.04419661996281535
0.18701103921302553
-0.05290825272172787
-0.13200660115747073
-0.21047842930546642
-0.12264283995289765
-0.05850905279864475
-0.4627886232949277
0.15189428421306808
0.7237550081301384
0.101748789229503
-0.05907871185043303
0.19072011692154947
-0.02367544139926674
-0.527799367911567
-0.37730256463423245
0.15475500880427637
-0.11558578939526669
0.06306298327572869
0.628688227652264
0.17658158800934992
-0.18172674537944586
-0.0370055611692836
0.07755662069560085
-0.13495527362384546
-0.49945645575029635
-0.0382982799176038
0.23375376421509653
-0.02015715072960049
0.3228426748536769
0.04480720150868458
-0.4423484715976919
0.068227339832483
0.07854270661310513
0.04892960865162655
0.4909469038896451
0.05112932333761945
-0.3361243534791499
-0.10277800804290309
0.007551559186140685
-0.14702308699989583
-0.5343184128136143
-0.040209944418956846
0.5344445854497567
0.057640475546302465
0.25821861452359485
0.3634926096029895
-0.24913625419787774
-0.12415223682481834
-0.04169882045830716
0.04252718760778629
-0.10464154676980303
-0.7287964358668093
-0.03817910574687731
0.5438878799442938
0.05741050956835216
0.16632856435565932
0.403323762305027
0.15760177718290833
-0.35278160844907364
-0.2990937030118066
-0.014919697087595574
-0.5219050502677117
-0.11230681078091083
0.5839400124133028
0.12099056624353052
-0.0213471435577059
-0.024009048546571637
0.26191162412790003
0.48142628287412814
-0.38576853906662295
-0.36564777871913284
-0.01985756251594689
-0.4507128494383725
-0.11625684998609248
0.2907210923153559
0.21321201721025765
0.05401998500020645
0.07376706860141838
0.5011106054159324
0.028903718872713317
-0.5267144729803874
-0.0642434268713539
-0.024695167312932725
0.012133949960468418
0.07504101588813947
-0.32222736259867435
-0.018375317002221607
0.12115181078763046
-0.043049694675443936
0.45769798541179585
0.2122032118716865
-0.3647627575870625
-0.08819456505747578
-0.01416567283053369
-0.0373943559746699
0.1382512458586302
-0.018319836172130996
-0.11043554906916847
-0.006072962847798648
-0.05614137240911877
-0.15367581185082713
0.11358134543700392
0.35683385787189076
0.018242282327228392
0.024377589499592858
0.13519754555678878
-0.43789525156206155
-0.3614242637836567
0.16624838335910638
0.07757279106898363
-0.03095171742343313
0.04250979568883041
0.3231576853144718
0.27613502336628953
-0.17110601767916775
0.017739286824303518
-0.09610055587455767
-0.4800573526536796
0.020360337362151176
0.18591285544530545
-0.010720091682298639
-0.012914089444264944
-0.1605930963654746
0.16380320334471765
0.3051988493621576
-0.05386444938285404
0.004948085477559004
-0.004782012095279635
-0.04758062010406339
0.02842853540606624
-0.11992188314420969
-0.04091895947215648
-0.06130898698841966
-0.18103080833933435
0.11335008795722136
0.17395173516048515
-0.004849102416384535
0.00019165303078540153
0.004054451104713656
0.0581429457428124
0.05088308907335523
-0.08312975540030684
-0.03732222250854004
-0.03387333643121151
-0.1774838994903135
0.13273002271028558
0.37054183494653276
-0.05301293476879599
-0.006495708600801406
0.030657049960132663
-0.634713299942721
-0.2855530740133945
0.42877246361117677
0.12946598289483077
0.05489043673734094
0.2624935232175819
0.1642518993473895
-0.05940131825146694
-0.21001043650239723
-0.006602377149134546
-0.19361338577790688
-0.4237391764830302
0.2517077424107828
0.4020011814271845
-0.038274361899824756
0.11905848546897964
-0.012170209858130058
-0.41594646690092196
-0.08211374708980632
0.21849039084374597
0.008389502896462227
0.16891215873865076
0.30823394171151625
-0.25130163169089365
-0.3544638855702411
0.041805210190997914
-0.11775753648907177
-0.014892771275174788
0.4554843272417066
0.13560695269782153
-0.21559456087277712
-0.010650077257613114
-0.13730227749029442
-0.16276299575790953
0.24097028929479902
0.12720387674564648
-0.07770260552497761
0.037576822525220675
-0.1036432501183693
-0.14846196117850266
-0.046888997746347014
0.0008369039305764607
0.01714019540338682
-0.1381990430726492
0.26737904186323086
0.5445837230008653
-0.1388564188419737
-0.20005273648959798
-0.00566807001904609
-0.23047935599375965
0.0658603361827105
0.022225651549396225
-0.18808463086556368
0.008723429730285998
-0.26099027267216357
0.012399126454919888
0.5943175160500722
0.11278320946248845
-0.14807697497022712
0.03438919659997991
-0.10478215920970299
-0.0751137365890611
-0.0004904816574379684
-0.026611518833911125
0.002107656525987787
-0.03735619665028416
-0.0038134177624259097
0.04436423678967178
0.0070300723186334435
0.00022345853664183085
-0.0014593479417074678
0.008189756780162732
0.013074374490470594
-0.002324935669892496
-0.0006700489278638572
-0.00021620764607577873
0.004123835595618961
0.000993453556974653
-0.0055714098934905795
-0.0005433612870809067
-0.001216045539694097
0.0007781492160255285
-0.0036020995588020087
-0.0058589213480837185
0.0018140124165893791
0.0005969552018666176
-1.742857742018773e-05
-0.001695848896692645
-0.00095683527908296
0.003047332260542265
0.0005202987788633595
0.000557319379438769
-0.00025522996651024233
0.0016094512449752177
0.002596995700448272
-0.00037907482139058426
8.243566380717799e-05
-6.471767878732085e-05
0.0012640969492704142
0.0005409174388962768
-0.0021063738337061804
-0.00012963642570967422
-0.00015432375625565537
0.00015005573122571988
-0.0008648407101823994
-0.0013523180904601861
0.000519619151450112
-0.00010063036694457335
3.4091516618779558e-06
-0.0005388134866399543
0.0002925095577376896
0.0011386709814510578
-7.445620770310224e-05
0.00012770194866974685
-5.683366413253914e-05
0.0007340492930084454
0.0007533498051062931
-0.0006450255880677485
-0.0004396931169810245
-9.429286380853639e-05
0.00022442621855313269
-0.00023506482399820056
-0.0008972223867956975
-0.0003678668850470395
-4.013368573293925e-05
-2.2674034851079064e-05
-0.0005196455584444038
-0.0007808114416054194
0.00028307012898526915
0.0004214635792455447
7.583139862852594e-05
-0.0002074430581190365
8.325400862488419e-05
0.0009651715502392849
0.00044202262225467566
-6.852690510182057e-05
3.4085764880622465e-05
-4.0406422390867535e-06
0.0003611792033378426
-0.00017901808288137928
-0.0005247075217408569
-3.0375216592639884e-06
-9.588849895728895e-05
3.162051245328374e-05
-0.0004079307581457097
