-4.685336007911569678e-02
5.847250195454625765e-02
3.945949014783339120e-02
-7.147978020525683727e-03
8.505441224488022312e-02
-4.330699360640276330e-02
-1.952574301812193269e-02
1.217871068095491456e-02
2.787905482147197758e-02
7.059924631311979837e-02
4.900008565713043218e-03
6.873694297456933722e-02
8.259850211684860444e-02
4.541061420682434430e-02
-4.095885585290151565e-02
1.653308447249591737e-02
-1.686699150086110044e-02
2.840222750946842789e-02
-2.381347182786326677e-02
-9.975869298069400815e-02
2.615809275354493910e-02
1.510562018482803151e-02
1.954110874510561844e-03
-1.413975113747054438e-02
-4.704267615614676247e-03
-4.229765428721873888e-02
3.692553034682976437e-02
1.012466741063644815e-01
-1.686418559284558541e-02
4.934437250681461551e-02
4.082792420207208284e-02
3.573310667333958607e-03
6.962842094826376949e-02
1.039280665825858402e-02
1.285075646733586409e-02
3.735199897783045286e-02
3.287286265530960094e-02
-4.113320414950989538e-03
7.236879085398918721e-02
1.886297443656470216e-02
-6.019027125884433144e-02
2.604755282912137385e-02
-2.240909014847391328e-02
9.535134148373344831e-02
3.893194460564717435e-02
2.833649617545706823e-02
-5.939634566448901559e-02
-1.707439809055863152e-03
-2.046697220522301908e-02
4.892164338524340045e-02
1.235934653283349109e-02
6.713067319476648254e-02
-9.832659320909919402e-04
-2.133163498908928479e-02
9.304874607195745551e-02
1.213602003857806172e-02
-1.141870294862450813e-02
-1.271232359993645089e-01
-6.318214822145343246e-02
-7.822070644844233978e-02
-1.081305325598493905e-01
5.126219480332623590e-02
3.089115606741589526e-02
8.498069510079166167e-02
-8.712664006801268402e-02
4.773516251511208258e-02
5.951640479498109676e-02
2.654037812557237530e-02
-6.179720677915399168e-02
9.485779503790348066e-02
-6.956828690560960815e-02
-9.022798556530936542e-02
3.498741766770981088e-02
1.396309843618435964e-02
5.368215247510527144e-02
6.019505224527365965e-03
-6.039458941131409242e-02
-6.399354530556362886e-02
-3.350688727970391190e-02
3.695876775667868847e-02
-3.888059464836326334e-02
-9.663692990421474116e-02
8.615963522106201422e-02
3.585359147418463316e-02
4.701226645358816403e-02
-3.357200646044257442e-02
1.811790338171958420e-02
-8.108142006546105451e-02
5.896674988439412624e-02
3.474555532618443104e-02
3.485970343981795866e-03
2.248969048224605180e-02
-2.531690440800752478e-02
7.766615757045113033e-02
5.364227365320805435e-02
-6.949282283062958865e-02
-1.249578275925424808e-01
4.494125155503778113e-02
2.518688146138867157e-02
-1.655338664711008753e-02
-1.427034535533783788e-01
-8.178941322029832650e-02
-3.469670154716774507e-02
7.230255125950594240e-03
8.435749321831499670e-02
2.082155282061676216e-02
-5.271794148338432295e-02
-9.173129017407564978e-02
2.712819296813300321e-02
1.962435158107392677e-02
-6.326361511600661625e-02
-3.152434418285038516e-03
1.200906586502775448e-03
-1.900114959757460975e-02
-7.081167411117718358e-02
2.576697821799305010e-02
-6.357334042432387367e-02
1.145966246272358408e-01
-7.965385278562664428e-02
-2.893607777330852934e-02
-3.123374748565439785e-02
1.373003464850350297e-01
-5.197573302135084783e-02
-2.580253570651197190e-02
2.782373498725523517e-02
1.167781216601932182e-01
-3.123121668819812263e-02
-6.258137924369035730e-03
-2.676447104850541298e-02
5.414254404873657806e-02
6.001778568219663657e-02
-8.164880391253047549e-04
6.222442121546483546e-02
-7.105102862495243053e-03
-1.619732218465452442e-02
-6.232382342282606624e-02
1.030156124077860336e-01
-7.027867168863015379e-02
2.272305517240980760e-02
2.888253370441484433e-02
-3.939381858213711340e-02
1.865293897776940102e-02
7.182713964837145193e-02
4.823583229245232556e-02
3.744659658315404455e-02
-5.859050461943816727e-03
6.438099132872060655e-03
-6.741073744848341542e-02
-4.030422402113943009e-02
-9.040860784393073279e-02
1.815485351085719887e-02
3.234513834482951461e-02
6.998996588730048429e-02
-4.504136532665300313e-02
-4.074638000382232311e-02
-2.207340059757301534e-02
-5.190089609763675477e-02
3.271487034055135801e-02
2.739437807484485041e-03
-4.822148101622709265e-02
8.709503996262560332e-02
-3.183066822678912861e-02
5.682594004383897945e-02
-4.333223726074419968e-02
-1.387873969637855136e-02
2.038354829708813667e-02
-3.574265826244654807e-04
-1.193084130646662917e-02
-3.206135678945738060e-02
1.625193781062960960e-02
-6.040324981469148702e-02
-6.756172150745015648e-02
-1.691899523788196677e-02
-2.859065963147103262e-02
-7.040192730758931816e-02
-9.239439594924288290e-02
7.816787049401791032e-02
-3.499430056407322465e-02
3.940159485522078814e-02
-5.574951882438466261e-02
2.250009823612395682e-02
5.540101735642317948e-02
8.030333589859378618e-02
-3.234972733656958643e-02
5.214577972471992617e-02
-8.512019580172830446e-02
6.022346624458260744e-02
2.581891523240871511e-02
-3.281300102140229796e-02
-3.429565522216609236e-02
2.597121146431055627e-02
3.627932240079211751e-02
-2.877720741107449645e-02
4.881789746663933727e-02
2.440579451690115878e-03
3.518353546550993804e-02
-6.861673545859195422e-02
1.586939696597722098e-03
-3.136692283443375667e-02
-2.447584414029249991e-02
-3.201299862343955777e-02
2.210817729784904373e-02
-9.677500432862921192e-03
-5.416752535222157244e-02
-7.836893598496205704e-02
1.132005456848601821e-02
2.450060607308260016e-02
8.449743722020819012e-03
4.311265676662141139e-02
-5.258118107198263280e-03
1.621671234621673008e-02
-2.306573056216622633e-02
6.147280756305191496e-02
5.941104972791388245e-02
-4.614413945175095677e-02
-9.536899657551720089e-02
4.847146094298714764e-02
1.589576382427451695e-02
8.195427814361394558e-02
-2.649908160440793761e-02
2.191663190489947025e-02
-1.203096732887333140e-03
-3.043014479107863327e-03
-9.171194144125613401e-02
3.753027601609601471e-02
1.296182028389366615e-02
5.414607771155433014e-02
6.240189683683078185e-03
3.949111487089785114e-03
-1.335350569140692292e-02
-1.086561415662649771e-01
2.129517690003141991e-02
-2.384455302916667699e-02
8.106463401787567359e-04
-7.218102910841894815e-02
-7.763136266588922503e-04
-6.735751722444309475e-02
-6.445693306644770249e-02
-7.712832303204650818e-03
4.772381458714995695e-03
-8.522953880010802896e-02
-6.372862996472804242e-02
-9.684497848769624273e-02
7.480979696770914678e-02
-3.520007839800477073e-02
4.279104772368757387e-02
5.839221000968139973e-03
6.000809657722028234e-02
-1.640251411317953560e-03
-1.519328261272006805e-02
2.139066847888614065e-02
-5.490202984389234986e-02
-7.465462516881489485e-02
-7.671137819516130052e-02
1.055978095485095164e-01
4.017657039522104512e-02
1.080839205864931804e-02
-6.394479952342148332e-02
4.130090309900654941e-03
-9.459852989597679340e-02
3.134952551958465616e-02
2.252087235853858851e-02
3.299249534918471949e-02
-6.491019023225320754e-03
2.978026392323163477e-03
-3.216559245901277897e-02
-4.715662345694740520e-02
1.061817349471836924e-01
8.492257358979680981e-02
-1.556665408395518750e-02
-3.366681812377739225e-02
4.991881361596021277e-02
3.158815178931398404e-02
2.042750704465183531e-02
5.333204567204982705e-02
-5.095266377908035799e-02
-3.570993463583882477e-02
2.712133003003017878e-02
5.195920767544493814e-03
9.796911283985884622e-02
-6.220990214619118858e-02
-2.613969373758242079e-03
1.735714437579182270e-02
-6.061599698319325435e-02
-9.251548916603456014e-05
-5.648865579950136835e-03
5.940452173357955307e-02
-4.985477628029692104e-02
-3.662145963012455874e-02
-1.153213991828413443e-01
-8.855510088350637687e-02
2.685885619458787919e-03
3.627061605945722245e-02
6.515583633793987917e-02
4.629678915310894705e-02
5.948694545576073064e-03
3.621031363543918830e-02
-1.753631052041064800e-02
3.749287681436939013e-03
-1.725698334845738712e-03
-6.702772575438428748e-02
4.829407559642132086e-03
5.668520165846606873e-04
-9.304949241553906944e-03
-7.538310067162280748e-02
-3.541988258685924845e-02
-9.613593794039100582e-02
2.873027806275133249e-03
-2.742093087046535912e-02
-1.603941797172293848e-02
-2.104181878091702582e-02
8.400605461455623590e-02
3.891107617116026929e-02
2.773732081999068927e-02
3.261547476392146622e-02
9.871205468713260822e-02
-2.281368398267255571e-02
-5.531032036167676802e-02
2.491338300945048888e-03
7.341048549513243260e-02
9.437383400766821695e-02
-2.744799036408323775e-02
8.377155612168651899e-02
-1.819468062605748837e-02
5.340431809391283507e-02
2.783500200131068872e-02
-4.269850370301013498e-02
-3.193680081773408314e-02
-8.464072769160119192e-02
-2.637722659449695181e-02
-9.630758707010101186e-03
-4.137526485022748751e-02
-4.240453923150015042e-02
-1.014705212121632706e-02
-2.969752306231527444e-02
1.521976962290471453e-03
-3.804686530346052670e-02
-1.901126615474835191e-02
7.265809173566028980e-04
-4.587404815111524592e-02
7.693263489543818168e-02
-3.012310488262910299e-02
-5.739097536681102979e-02
1.238159401159311668e-01
-2.327670166197173471e-02
-3.007281191502364504e-02
-2.129657785734891465e-02
-6.960934523520259654e-02
-7.384751967024259789e-02
1.785048515573308889e-02
-6.491566995753866864e-02
8.118212624691556467e-02
-2.761373501711034129e-02
5.395066449857865987e-02
-1.508525705898329343e-02
3.525858245498432117e-03
-2.260427068727724215e-03
-4.572041973337017534e-02
1.633729624412589426e-02
5.235465861960083428e-02
-2.560087829423627823e-02
2.220746627255585151e-02
1.154636514686564475e-01
4.563801514172791292e-03
-6.453570875279444029e-03
6.807554833072279599e-02
7.519310507360027658e-03
-2.694298951177337073e-02
4.540650524020446721e-02
-1.342053194823559781e-01
3.854826910339050755e-02
-1.753963841211863715e-03
-2.523936119737350131e-02
1.635838155779139116e-02
4.577486858646669793e-02
1.449712905357409577e-02
4.798471466509432459e-02
3.036476952819492509e-02
1.596904583732441235e-02
-5.445663103822022399e-02
-5.025535364187984355e-02
-4.653081987297955080e-02
1.568416473625752761e-02
-1.047261123983174308e-01
5.221172032270966074e-02
-5.784576775493609907e-02
5.822811551957574744e-02
-1.240358081318486926e-02
1.785775736990516047e-02
-2.131254911452691581e-02
2.075266303155650499e-02
4.805526827796728628e-02
2.984993059744806693e-02
-2.657891621688820635e-02
-7.831629357798693125e-02
-6.544693726528717781e-02
7.100325876285250304e-02
-8.722380830858096623e-02
3.455649171783081730e-02
6.815395329457860085e-02
-4.019109703616456641e-02
-2.151801691939615041e-02
1.815178656908988247e-02
-4.130293823091790717e-02
-3.934975865814663992e-02
2.752578330027442843e-02
-5.052359029250111377e-02
-5.480004007209961919e-02
6.243180426035215003e-02
1.007060133853830176e-02
-3.539024397092904728e-02
4.076299510119698460e-03
9.164193920975326202e-02
-9.876469949332979115e-02
-1.573809682734042493e-03
4.618654732142139590e-04
4.098870338656251944e-02
8.442718368322688072e-02
1.090035372626983919e-02
-5.584936772845219832e-02
-2.808572931226463454e-02
2.982908817187937892e-02
4.104485464493252272e-02
-5.084344439136378319e-02
3.162643935986812066e-02
3.778595049747411616e-02
-4.079786629745041360e-02
-7.133065202364531230e-04
-3.383407048695015462e-02
6.552074913172430126e-02
1.138481334787659789e-02
2.032189386671167525e-02
-1.042862119449452889e-02
4.067413824305801673e-02
-4.711336358228476046e-02
6.423152512534456571e-02
-1.672542565143273971e-02
1.118411699231104950e-01
-4.221286484690196794e-02
2.704282893900228010e-02
-8.134460199312405770e-02
-8.067215634400260599e-03
-5.920658390096526780e-02
-6.321481263162771758e-02
1.782434116371825125e-02
2.327655741950503468e-02
-5.106401315034130028e-02
-3.898534395924989349e-02
1.485505525335028545e-03
-2.516359549547119573e-02
-8.689624635517891049e-02
-9.297576695159689986e-02
3.661651658546506011e-02
4.228382037210198785e-02
-4.573281088841501217e-03
9.731798056585231130e-03
7.020388952482620182e-02
-3.708377335172774458e-02
-5.108018290130732914e-02
2.737228548764504207e-02
-7.247763915257990353e-02
1.874986648991703187e-03
-2.817967139170283325e-02
8.234861370066021147e-02
-3.773635255790270052e-03
-1.693080928530156862e-02
-6.746198945226708661e-03
6.652373556547352962e-02
1.124187860817813384e-01
-5.966150677416254093e-03
-1.323777683920205998e-03
-3.789747027311078653e-02
-4.892043182535220358e-02
-8.496037858791563591e-02
-5.729089726316573261e-02
7.332684063379457662e-02
2.436650835575056642e-02
2.293714798137819200e-02
4.013297137104080564e-02
-3.080469439565053369e-02
1.765980234989309935e-02
3.012220775016059837e-02
-1.664347193090042268e-02
-2.866770248995973228e-02
3.402688331593632654e-02
5.829651623412551720e-02
7.062141107471250900e-02
-2.638999685613033219e-02
4.118933813911283826e-02
4.774582142310149213e-02
-8.521078884498040074e-02
-5.003527523214371803e-02
-1.336244886495020247e-02
-1.354808924447324994e-02
1.926549844492556757e-02
7.947056042116534824e-02
-2.163765759625133761e-02
-4.897809662084896820e-02
-1.286307015379895557e-01
1.681464656356437826e-02
-3.816630863125172052e-02
7.123941974121955623e-02
1.047712076013108257e-02
-1.134517521259100631e-02
-8.745693848693872688e-03
-4.182861697002810027e-03
-4.660634239886014135e-02
3.051852759807071117e-02
9.029846098868112014e-02
-3.967681195418226725e-02
-4.976727457592089454e-02
1.439512605258808434e-02
2.220219116319908578e-02
6.649803929760991772e-02
-2.767546684954115890e-02
-1.450575429012280759e-01
-2.734972766943618433e-02
1.346501384585972218e-02
7.235599591467056779e-02
-7.352193741833318308e-02
-8.548624992720549320e-02
3.347041013444278929e-02
2.365560417888334585e-02
3.658617520960370188e-03
1.775083413644743327e-02
4.611854047399756990e-02
-3.464960781727522560e-02
-1.681135486421899555e-02
1.474919298484329323e-02
4.123595451008849749e-02
-4.698926389249494240e-02
3.087708084572569900e-02
7.031072066495837672e-03
3.689373673189610264e-02
2.764277956411383130e-02
-5.174722327310489478e-02
-5.159271192600067835e-02
7.755556412747023620e-02
4.087887265950689020e-02
4.921819466613052037e-03
3.839462601897006971e-02
1.083216824055463212e-01
6.929925999188682462e-02
-1.011332415358478232e-01
6.481009087171216154e-02
9.041462186032270254e-02
6.583899752900915225e-02
-2.134050480278336034e-02
7.195116291962654065e-02
-5.360824834482292439e-02
4.992624086301834102e-02
3.584294988082792344e-02
5.835336768167229821e-02
-4.761956896616564849e-02
-5.514157481290774682e-02
-6.694606503734280845e-02
-6.572325167262564605e-02
5.425119994736641443e-02
6.039048671098792148e-02
2.206905209493701531e-02
-2.104673230420416388e-02
-4.787835326504588651e-02
-9.140431068492460565e-02
2.293722473002826959e-02
-5.290438394261291061e-02
2.561541547891234283e-02
1.776952565191006889e-02
6.324118267757898419e-03
4.129296525359846259e-02
2.922794008529330106e-02
1.111722082359756225e-02
7.449854443986259067e-02
6.348603882614732574e-02
-9.877883102934713333e-02
3.023438293261282092e-02
-5.027058477348086279e-02
5.694887929731415332e-02
-3.821116014238967740e-02
2.181383539964548701e-02
6.432806667730578409e-02
7.585972916836381842e-03
-3.134072262382470164e-02
-2.333961030082637098e-02
7.009459785084944106e-02
-4.828301810207199368e-02
-1.059455548182817834e-02
4.543965592737317372e-02
-2.192370227675616637e-02
-6.630028841783337790e-02
-5.807133093786303463e-02
6.745918943715030480e-02
-1.232849935581330630e-01
7.774376330050596605e-03
-1.102285000939860066e-01
-2.872773414822365687e-02
-3.998888522328686995e-02
-1.034584275736975811e-02
2.529704853549438401e-02
3.820058328000274644e-02
7.706037081572462977e-02
6.495329504219149452e-02
-1.784640312623960237e-02
-4.597708596997873709e-02
-2.838075410166140955e-02
7.013277621041598409e-02
-2.183629308074612127e-02
-6.549183772999118795e-03
-1.766323819566319869e-02
-1.260601047382263126e-02
-9.781438305724196591e-02
-1.976169239076838030e-02
1.860769130179637867e-02
2.741190715022655960e-02
3.010327617990153984e-02
-4.593013427308959007e-03
6.524055823241194096e-02
1.737870583092447890e-03
3.190031483455523084e-04
-3.189173976518652059e-02
-1.194131423773527878e-01
5.555822321547748688e-02
5.833709405698565831e-02
1.172907196506438494e-02
2.338964812901232412e-02
-3.298041931685139622e-02
-5.206360649217069841e-02
6.329620727678669269e-03
5.971798682749288045e-03
1.871221054422999089e-02
-1.468069758170629157e-03
8.428895751782520401e-03
-9.194106843619373470e-02
-5.707713464388754210e-02
2.512922693429450738e-02
5.370978091390093273e-02
6.958687949247802096e-02
1.650557144581013547e-02
4.397748289634030236e-03
-8.308476505136037568e-03
5.741955436460274148e-03
-9.682147248909268866e-02
2.110537087759139785e-01
3.882434290087689172e-02
1.356940293912176423e-02
8.823868119374200791e-02
-3.322941266589636566e-02
3.021298988928088070e-02
-7.329612430734864549e-03
-2.163374116685155835e-02
-2.509341163373919950e-02
-1.758072989894699997e-02
3.305427664082363423e-03
-5.233441185363951753e-02
1.540704517472348510e-02
1.172768942863157068e-02
6.760040333924174916e-02
2.549724620493787688e-02
8.537845458826060982e-03
4.585597590821568342e-02
-1.361964678200974083e-02
-5.122608342514344860e-04
4.201475679806491136e-03
-2.614514907887630080e-02
7.474573121756156180e-02
5.570904478672414339e-02
4.763749887737866312e-02
5.807898885782447965e-03
1.057746197654032549e-01
4.160499845072550273e-02
-1.765596124823461122e-02
-3.563788237833056399e-02
-3.021343313954511639e-02
-1.904651597981688732e-03
-6.134222497869898025e-03
-1.357470902506391006e-02
6.988654810523048377e-02
-6.252861630590175746e-02
-4.503234096695432620e-02
-6.009524440171391813e-02
-8.662859778279768941e-02
5.907377493333715313e-02
3.985916584231605220e-02
-3.969657033304155140e-03
5.301296787883633815e-02
1.364695638205897649e-02
-2.681385703994496744e-02
-1.100813269722224069e-01
3.264447405479124764e-02
-6.040876476901463343e-02
-5.344879337152042692e-03
-5.158039981416073089e-02
-4.122210981475350755e-02
6.791127130298751924e-02
-8.267871706026139189e-02
-3.213103546116721429e-03
3.135133726548185173e-02
3.384607565618302782e-02
8.118531501731470618e-03
2.907382112728777723e-02
-1.578350888792720563e-02
-1.466587375566616447e-02
-5.993051577004682162e-02
2.423225352866912319e-01
1.055159031466982034e-01
7.166142467961185425e-02
-3.906787908861286684e-02
-4.062869146663423969e-02
-2.064899404646206860e-01
-4.434910393555538399e-02
1.402565292552772902e-01
1.628600117998323105e-01
6.102976786368273510e-02
9.357500931525028487e-03
7.737504932613994968e-02
-2.674709438208140444e-01
-6.578293887863262412e-02
1.049232569936225656e-01
-1.582249911238071682e-01
1.884918442021646379e-02
4.323480596719407876e-01
4.749897351203348494e-02
-1.259705612021225496e-01
-2.111167547609169026e-02
-2.902524812328013404e-01
-3.552465744062524577e-01
1.947191368383439647e-01
4.229590745686317432e-01
1.206504961865185743e-01
-1.762698701640500465e-01
-1.694803236538106050e-01
-3.049499821779986242e-01
-3.008636316687935547e-02
3.150727785743187570e-01
5.960538398761699996e-02
5.963655180827823199e-03
3.026844495376530136e-02
-7.034857290116032155e-03
-1.125579305884131937e-01
1.174545121503832862e-01
2.052472273699312844e-01
-1.424670128653025836e-01
-2.844713597427805940e-01
-9.631988847340708371e-02
2.158830930136892423e-01
2.379152603944396649e-01
2.555010938197985748e-01
4.601604482680196617e-03
-2.967200624200757586e-01
-7.150833771045324305e-02
1.228002145350972074e-01
-5.429905440817589524e-04
1.019169285531636021e-01
4.175868190902520816e-02
-1.973541956138241682e-01
-6.352489282932358150e-02
5.980661855146837680e-02
-2.103585051481842438e-01
-1.272759967259046165e-01
2.001908743601329421e-01
2.442256390142282241e-01
1.235559934665894297e-02
5.738223504266323771e-02
2.016449668358756275e-01
-1.089530951238864148e-01
-3.680668209705643679e-01
-1.575898883784453419e-01
5.822724915939117563e-03
-1.769851756018795408e-01
1.695847097246619695e-01
4.595514126547847189e-01
7.500539476727254018e-02
-2.731304206877808727e-01
2.212838337582444942e-02
-7.831347723020503498e-03
-1.956922510557424777e-01
-1.564384068348772527e-01
2.102000950496407672e-01
6.053710569082553644e-02
-9.487622218407873453e-02
1.928481835168992520e-01
1.679217083867151628e-01
4.998741763053687198e-03
3.917264871049760261e-02
1.329023218919161697e-01
-1.013066042081520179e-02
-2.958289206853145781e-01
-3.739248023529816445e-01
-4.277220518856402615e-02
1.945697817896884230e-01
6.046340021405922915e-02
-1.173921785008988222e-01
-2.049778006598553803e-01
1.989792944232835481e-01
2.304373899132245995e-01
3.660541779813537566e-01
4.281414470366916025e-01
-1.046955031977798711e-01
-7.008574439818839874e-01
-3.900021052989332548e-01
1.582758329150982246e-01
-1.035209060225671801e-01
-3.031592267405356367e-01
2.079863007127172869e-01
3.488664955777858179e-01
1.380990581290628405e-01
9.415298682243448958e-02
2.837703907579143814e-01
-1.715848351829875676e-02
-4.355706298044426661e-01
-1.774244753204598790e-01
1.078309465296050373e-01
-4.794748203595008418e-01
-4.036754585116707483e-01
4.163886920315463258e-01
6.787135302138787019e-01
1.035377157996950487e-01
-1.494243342002097574e-01
7.100333371326809917e-02
7.236601565956671256e-02
-2.300089043411924772e-01
-1.084278572622683484e-01
-1.695165321237584455e-01
-4.689137487455813935e-01
-3.396469174574319738e-01
3.030982828111399296e-01
5.255887332860186278e-01
1.216654828303192770e-01
-2.492427340266676061e-01
3.729814899817465168e-01
5.688785057425121972e-01
-1.634794706488304217e-01
-4.251523250960289602e-01
-3.119680883599787458e-01
-2.084831705187341067e-01
-3.184899620542320786e-01
2.190359260353968163e-01
4.985980269529246001e-01
1.444780716092268769e-01
1.141523548307633862e-01
3.197475507586834409e-01
3.215317546866921367e-02
-4.434746628036173588e-01
-1.710567213485461036e-01
1.843468999084192927e-01
-1.743198781719462742e-02
-1.321304129877557965e-01
-2.160135957974945731e-01
6.691839894702031333e-02
2.019786995563158105e-01
1.988152408979245167e-01
2.817022093092745316e-01
1.702862243248100538e-01
-1.414585455604515096e-01
-2.837638562254771735e-01
6.879439387578607790e-02
8.771852526974444064e-02
-4.952434214340837859e-01
-3.585235089412975307e-01
2.589223499185158706e-01
3.761935882057327873e-01
1.188429169628466425e-01
1.521657621425602791e-01
2.163541651035590097e-01
-2.387269444442699506e-01
-2.598349627418045094e-01
1.062192122588233173e-01
-1.240978892800284339e-01
-2.970815377892983555e-01
1.486895718683950707e-01
2.276750646639399411e-01
8.013687811677065731e-02
1.091625304052268319e-03
1.871570729153308466e-01
-3.865548698262726707e-02
-6.044588732805353942e-02
-1.092429093194312029e-01
-6.652746349654165003e-02
-8.328704796601761606e-02
1.075994548117532035e-01
6.710121413263533952e-02
-1.013686895783718900e-01
-5.021864146142887564e-02
-2.052671878755880086e-01
5.369531752056935781e-02
5.352489511416661516e-01
3.511536115159445970e-01
-2.828964425578345265e-01
-2.622297095200775141e-01
-1.492226582191774099e-02
-4.202711559712149492e-01
-4.844276588380996285e-01
1.639751544074658229e-01
2.981153090196909106e-01
-6.749135612122505318e-03
4.544010332623868997e-01
6.465175235887948846e-01
-2.425203776968213876e-01
-5.292309197923176223e-01
-7.161579649351441923e-02
2.605788752569502056e-02
-2.744277428940578023e-01
4.606594498344278310e-02
2.297311109734409273e-01
-4.391128874106242641e-02
1.180073618996634044e-01
2.326772811399824004e-01
-3.047473321156363157e-01
-3.431634503361858934e-01
1.369255518369803248e-01
8.298163176737324842e-02
1.500162203773468539e-01
4.698988499899178217e-01
8.082238020129446643e-02
-4.783262723131008753e-01
-2.769063229441528495e-01
-7.166871918978129363e-02
-4.757900408531198083e-02
2.958072933434636176e-01
4.273131277243276682e-01
-1.805383196693115533e-01
-3.428392280643712819e-01
-5.542665489189094186e-02
-1.062059144295707802e-01
1.246151441618122829e-02
3.118788669838840066e-01
1.126144087333725147e-01
-1.455803668250263971e-01
1.906173565343268761e-01
2.800390814721834265e-01
-6.166353134764336608e-02
-2.577356473051294339e-01
-1.161692411011798348e-01
-1.757361906764119408e-01
-2.205545756419846071e-01
2.372977839970606406e-01
2.277219023405554210e-01
-1.042238494874660332e-01
-1.872416858381554736e-02
4.329784822486287127e-02
1.015324290075726027e-02
-1.349222818566528925e-01
7.407411125277235664e-02
-3.466799566244224695e-03
-8.127048049519823569e-02
5.470516110307951929e-04
1.637359796564222814e-01
3.505864958993711866e-01
1.086898676260370095e-01
-1.374621434898229411e-01
-1.703060170750089475e-01
-2.234834800782681541e-01
-8.785360360084772113e-02
1.986188025669885227e-01
2.631693951448099145e-01
-1.732024556663157300e-02
-2.135349995258628564e-01
3.013095498316532839e-02
-6.691227135188750064e-03
3.194499428497325766e-02
2.964591443945072124e-01
3.944238538328490723e-02
-2.663785668406551954e-01
-2.839037669576232048e-01
4.289097528384468866e-02
2.061635143198325970e-01
3.478857482506220178e-01
4.364181486698455736e-01
-1.078970650074531912e-01
-5.022467776293576547e-01
-3.306594583755113614e-01
1.127150158131913077e-01
2.157895681775874597e-02
4.103756825563101285e-02
4.655926685367483553e-01
1.913785612281979354e-01
-1.191593601911603295e-01
-1.026072922932388387e-01
1.136301223455397774e-01
8.282541804437741628e-02
-1.184529543504439231e-01
1.151402818466510519e-01
-9.608976235640251384e-02
-4.132663571743756536e-01
-6.449779538233071929e-02
6.010302476390586568e-01
5.047885892195215218e-01
-3.805146222022721958e-02
-1.828421734236935214e-01
3.506268132322677700e-02
-3.492074651658029494e-02
-1.485107657043976404e-01
-4.196945356080922229e-03
-9.987733910470533716e-02
-3.655969476196520018e-01
-2.364116667479305711e-01
2.573920125327370245e-01
4.248639240539084372e-01
3.585029956988380895e-02
1.082739151141567935e-01
1.642815356001885996e-01
-2.669895108113508608e-01
-3.947658489649193969e-01
2.342762946083408460e-02
9.048194118113354889e-02
1.601077783819240263e-01
1.877703542567377426e-01
1.091799792950521319e-01
-1.045734484107793960e-01
-1.196383737947069037e-01
1.020087465947229904e-01
1.447479399226483943e-01
7.027909668816204047e-02
-1.493138859650336436e-01
-2.516955956648562753e-01
-4.123629016578841955e-02
-8.138077877313189268e-02
-1.734131718466161709e-01
-1.587492532131830614e-01
1.212517126138740048e-01
1.790571911815310169e-01
2.288800554194612979e-02
1.178254070593191538e-01
1.142161433587838837e-01
-2.555302008422049020e-01
-9.692884414843452867e-02
1.553214646644542896e-01
-1.456757943383679699e-03
-2.987181279893031394e-01
-3.510624355021831899e-01
-8.102549262854764900e-02
2.573510683789290709e-01
3.050607245665646894e-01
2.238098047115435474e-01
1.452575765461242563e-01
-1.704744115047892583e-01
-3.864081914442101806e-01
8.383419186477281126e-03
9.807994150015121593e-02
3.727666749675326990e-02
3.081318880233133856e-02
2.386033888204062703e-01
-4.340201208553662315e-03
-2.675948478054719915e-01
2.411241345769314648e-01
5.489622658744967021e-01
5.918176561128465213e-02
-4.049267977413696373e-01
-2.488549507748568090e-01
-2.402044871328794795e-01
-3.666362108356591154e-01
2.636939597753825693e-01
5.752094888702568021e-01
1.610942361421355273e-01
-3.847703845028063036e-02
5.340935886341894312e-01
2.836410102829199920e-01
-4.434026659677017257e-01
-4.405111712118878753e-01
7.906558792966392191e-02
-1.329395775228249810e-01
-4.464169772000795566e-01
9.240406718801150165e-02
3.708715960558247038e-01
1.063053274473493987e-01
3.187032266329992147e-01
4.430698057206434171e-01
-3.019628787645547430e-01
-7.194544915581350120e-01
-2.212683955890960563e-01
2.574094064156871031e-01
1.265153434110168895e-01
1.963227558872972511e-01
7.027569805895395039e-02
-1.979302811235538750e-01
-1.602966405765519631e-01
9.627252646965907268e-02
-3.545241271941512728e-02
1.599224019930433061e-01
1.801990774248162785e-01
-1.369269544824455731e-01
-2.599283728957536010e-01
-1.089317881774267971e-01
-1.059626927643060601e-02
9.630741048746940813e-02
3.709113328273467847e-01
4.732447290326522588e-02
-1.838150678860491216e-01
1.644599972108491959e-01
3.198352944684400567e-01
-3.284606409037597041e-01
-2.956913326797997454e-01
-1.267369404702609059e-01
-3.607506024438106307e-01
-1.737002194157979129e-01
5.911709148050628970e-01
5.022601320516607570e-01
-1.487928941852373343e-01
-9.350722772697951657e-02
2.515008319823063276e-01
1.033050128469266971e-01
8.803971255873728474e-02
-1.589203984205905529e-01
-2.274098983162829990e-01
-3.161063323215716758e-02
2.331789563317639424e-01
-8.499997597182786316e-03
-5.282798525352147556e-02
-6.406418935842285445e-02
-2.641019855126253146e-01
-1.442022542055226009e-01
4.662768830371816220e-01
6.731766389881798096e-01
4.923562358986249832e-02
-3.396441505867512367e-01
-1.769670124173965686e-01
-1.016615066641248788e-01
6.584264165219039233e-02
2.324598683326129511e-01
1.972703108841283026e-01
8.312533351544414140e-02
-9.155751012110015241e-02
-3.167170866051385869e-01
-4.130738315900299440e-02
6.320155122235932010e-02
1.320574742601010598e-01
5.979558336771119420e-02
2.753202355467598283e-01
1.128455215852838811e-01
-3.471418605805710045e-01
-2.749568777552171550e-01
4.072241241373750209e-02
-1.058160712396051528e-01
-7.607018639313899155e-02
3.434899043570992516e-01
3.425125580592022767e-01
-6.764691022032845447e-02
4.399163414167604758e-02
6.831656131412675026e-02
-4.846289631475062532e-01
-3.279907742959576877e-01
2.589898104258034350e-01
-4.638776167833849606e-02
-2.340908395850041512e-01
4.377865884757662918e-01
5.401898661258982548e-01
-7.304981700709549386e-02
-2.579529114862368355e-01
8.544838988914521538e-02
-5.401793423745429035e-01
-6.006653813113121965e-01
2.449939565104367889e-01
3.184869283831877063e-01
-6.045144168922669120e-02
3.483186290577038879e-01
7.375441824279568293e-01
5.249855934229599036e-02
-6.616845650141325308e-01
-2.914455542087143192e-01
-2.311402654579920724e-01
-3.133346069459910788e-02
4.187467937175913257e-01
2.571608557126422445e-01
-1.510623314584788046e-01
-1.645008616529305412e-01
-1.556322920895999162e-01
-5.566079893929654077e-03
1.045149158649090609e-01
3.198525393070677514e-01
4.686527642488790696e-02
-8.164634605502715803e-02
-1.825547993690681547e-01
-3.907037636072992481e-01
-1.241393067844306503e-01
3.468722209440205928e-01
1.443777580168866814e-01
8.832069923673073475e-02
2.391082434085457786e-01
-1.799133254197514409e-02
-3.267763689369441171e-01
-2.513755700671336038e-02
-1.311256108890597460e-02
-4.076847249352993363e-01
7.328540455217488758e-02
4.409338953194789634e-01
2.148018308056014458e-01
-7.927202382661595326e-02
1.542657655512666148e-01
-7.928892700853523712e-02
-3.823587429843890995e-01
1.189672419440298556e-01
2.174127599045073689e-01
-3.778568838793292667e-02
1.095855442830570292e-01
1.255153433266067708e-01
-2.494167718087013930e-01
-8.718299756818215229e-02
1.082005123885482201e-01
-9.389888927387135542e-02
-1.176808720758479032e-01
4.283585328644646251e-01
3.999613796937348531e-02
-1.540495107902346561e-01
2.048249448508372983e-01
2.418158741854944116e-01
-4.937404316010598482e-01
-2.752031386375657362e-01
-7.099567133829226551e-02
-2.094748551124345215e-01
2.115713910066997216e-01
8.627240657455631512e-01
6.652630311969692789e-01
-3.018713675938279883e-01
-5.815116869391061538e-01
-5.713121040452755206e-02
-2.132861934543353599e-01
-4.553811763197613272e-01
-1.233696444595553388e-01
1.690817326645907281e-01
1.574036746926226193e-01
6.925829603358760189e-02
4.220985548930070164e-01
1.133105158741463808e-01
-2.765864785485530608e-01
-9.395307986773968056e-02
2.724488409213738915e-01
1.413026859013674641e-01
-3.136160082686031414e-01
-4.444493721738843606e-01
-7.760538125585990377e-04
9.668488695466943839e-02
4.316764479698962514e-02
9.259560550244534671e-02
4.270494946228696742e-01
2.343429315252651413e-01
-2.437026183743231170e-02
1.616157972945683752e-01
3.785232270015454620e-02
-5.714397945588163275e-01
-5.136730957938103748e-01
2.924008290331490678e-01
1.517286654129578749e-01
-4.357966636451088283e-02
1.048753106167970989e-01
2.307435277055722156e-01
-3.577525636406155007e-02
-1.628510447105569955e-02
8.851569124828212454e-02
-1.817587982216883613e-01
-1.735115381498865406e-01
1.394094584319374164e-01
1.333741816917285716e-01
4.810375008126552276e-02
5.314095896929528495e-02
-9.856984595598727861e-02
-2.950270814811702946e-01
-8.129352546150116210e-02
1.392260463548830596e-01
1.597457628937837271e-02
1.448295003713704343e-01
2.479915658393994082e-01
1.194131124813874040e-01
-1.330171098628560866e-01
1.792511908452287805e-02
-4.900043494546951067e-02
-2.180323717686975526e-01
-1.120702999475435835e-01
2.024629701679083738e-01
5.694564478949930286e-02
2.612729548567945675e-03
2.430584836813327321e-01
2.580655524568188364e-01
-4.880143823947545589e-02
-3.805094544961139524e-01
-2.493262432462195477e-01
-5.253675621243280441e-02
-1.037532093377668829e-01
7.638414174909440024e-02
2.618483593378384544e-01
-1.454055079091142455e-01
-1.122966050669358951e-01
9.713762121442945374e-02
2.539490125664553566e-01
3.179947038092624523e-02
-1.404624219295722287e-01
-1.420809409258325939e-01
-3.124780428677585709e-02
-5.045356612739393398e-02
-1.872657241077623214e-01
-4.583122929870378504e-02
1.476633425614830575e-01
6.345840472463200321e-02
-4.719514738382721286e-02
2.820929156211502420e-01
1.408426507956719309e-01
-1.819017636118802628e-01
1.259305156958754612e-01
1.133018356625713347e-01
-5.281848730685320126e-01
-5.024110308918778856e-01
2.311850595225880267e-01
4.061669843749831088e-01
9.891257106562859058e-02
3.935291084793876015e-01
2.799211164407462427e-01
-4.254339614410488912e-01
-3.886266399337260369e-01
3.048393596551460943e-03
-8.228129836040187772e-02
-1.159059882731001689e-01
3.668237623456492291e-01
2.042043229720739428e-01
-1.234156829661351706e-01
-1.125169913510082748e-01
1.447694167712887947e-01
1.891050307052458690e-01
2.641803916504417704e-02
-3.078288984311844390e-01
-3.052109758187830924e-01
-1.680798131760745107e-01
-1.129371354772157748e-01
1.476484645005253678e-02
2.968464010993595581e-01
2.077974350635033718e-01
-2.001712353309029746e-01
3.011855806342075836e-01
7.052793840504775202e-01
-2.097355148443993400e-01
-6.591705997229578839e-01
-2.011239522577875360e-01
-2.046995486683386434e-01
-3.707996055243149014e-01
1.660778935073478069e-01
5.834863646365054946e-01
7.613134459293391387e-02
1.346019618303663234e-01
2.183594999551429217e-01
-2.774400996964418997e-01
-5.960303880129641518e-01
-7.017744564253211581e-02
2.697294997286386886e-01
1.287251320696506940e-01
-2.760204909762634107e-02
-6.976621533822706389e-02
-2.815466042838625227e-01
2.978890635249382968e-02
1.640273140276850561e-01
-5.404893810641918372e-02
3.202597563706809092e-02
2.051234214615283713e-01
-1.081049857229201272e-01
-8.209520698951383588e-02
1.180118294890009079e-01
-1.500814358729714859e-01
-5.491301990787708087e-01
-1.047725726643514155e-01
3.360680937325449258e-01
-8.752796677185460672e-02
-1.477500165142476007e-01
3.659246360365877027e-01
4.528718818535041879e-01
-5.649523956852962880e-02
-2.128663328263542820e-02
-1.349729452700334231e-01
-4.769788564875812042e-01
-4.165319956902777121e-01
2.373669111467254511e-01
4.520985137826475930e-01
-1.327685583188840945e-02
1.270146061763922640e-01
2.250197276138417302e-01
-4.318611646235398505e-03
-3.034766471403761434e-01
-9.984636892752073167e-02
4.635654228271119531e-02
-1.120971755969818739e-01
-8.674845915894459358e-02
1.153246770215955730e-01
-8.175805182301547347e-02
-1.063096495971150718e-01
1.996390990150562206e-01
2.144205560579187653e-01
-1.951703162190424751e-02
-6.671927476954546410e-02
-9.683284409960959960e-02
-1.388391900258516276e-01
1.318138802317465330e-01
2.980490740396218863e-01
3.597417891089491754e-02
-1.335975572202895978e-01
-2.034591347978936815e-01
-2.455579872389661578e-01
-2.398996514925283430e-01
1.133622915481916071e-01
2.710495314188319793e-01
1.135018940001231991e-01
1.956080049143426591e-01
2.491042946216956711e-01
-2.657265096296426710e-01
-5.415851645234168732e-01
-3.310741838224399991e-02
2.256070997520144839e-01
-3.759259773365021540e-02
-2.354014900863420079e-03
2.308590060501507502e-01
1.229051683606402767e-01
4.863433570820707708e-02
2.177657982922077684e-01
1.396101781937134356e-01
-4.156663080099965435e-01
-3.803038106750356029e-01
6.072319105063115827e-03
2.784836790511909799e-01
1.306626587963415596e-02
-2.332461043041565707e-01
-6.439308148452259351e-02
1.875421907063604121e-01
1.893487126729345438e-01
1.819785668217191177e-01
2.334562375250174016e-01
-8.991828099705564958e-02
-3.720742743987706658e-01
-2.639586875325385940e-01
-9.364058449885968860e-02
-2.382412750754658581e-01
-4.364368659254513200e-02
3.906002470989178299e-01
3.227315314534319746e-01
-1.376103242930001580e-01
-1.599790419674704256e-01
2.228000215777584114e-03
8.732078898379577736e-02
-6.746585374506808286e-02
-1.783977936440486467e-01
-6.906236970779913720e-02
-2.420172535472532027e-01
-6.584164790886472274e-02
1.912573367861754581e-01
3.669112309093213176e-01
1.168792078094149298e-02
-3.319697676687801552e-02
2.128355030116261815e-01
-9.779253439524510094e-02
-4.651821096232858221e-01
-1.284312722455060451e-01
9.239420816100973877e-02
-8.310712744888017200e-02
4.110768212657631149e-02
5.233453633098574809e-01
1.648414755145517496e-01
-6.461184060798556839e-02
1.760343187291040501e-01
-8.957629276226924953e-02
-7.435381383480802464e-01
-3.995676170419871776e-01
4.247496731591545172e-01
3.508696523872469886e-01
-1.170440764576121673e-01
4.553870661175100920e-02
2.573623825242813967e-01
1.408983486224649473e-01
6.264051130233255771e-02
9.018931717167312512e-02
3.368509185061083211e-02
-3.383127605973732521e-01
-3.421783447138595502e-01
-3.929961696407802130e-02
1.445819474767282009e-01
-4.332116159750607487e-01
-2.997464402438065334e-01
5.486575823540711383e-01
6.039033030880835984e-01
9.911504441646268315e-02
-4.152087674020624175e-02
-3.867199523399869610e-02
-4.350049417080972258e-01
-1.095931862826752395e-01
2.465264650901749510e-01
1.627786285462576865e-01
-1.969617393283303597e-01
-2.412357549108500310e-01
-1.120539249598167253e-01
5.104487331849907189e-02
1.874357470757138655e-01
9.550190563878513395e-03
2.028246766645688814e-04
1.160362101357408221e-01
-3.935071611809213415e-02
-3.534668880134396174e-01
6.031249031977388431e-03
7.038064984258166068e-02
-1.307183205924130898e-01
1.769937321942469388e-01
3.348737568944430976e-01
-8.808944086765689574e-02
-2.226576962261372916e-02
1.815809864943344065e-01
-4.533168266519523315e-01
-4.755579181428479796e-01
1.066083556160165591e-01
2.153473939261148495e-01
-2.279191086591568216e-01
1.723520656567533171e-01
4.418520457241639221e-01
8.927861908618522913e-03
3.014670665186211518e-02
1.646693371876001566e-01
-1.608316938585496181e-01
-3.876854830039280220e-01
-7.476450695166267368e-02
1.111760116144962784e-01
2.780173347861853994e-01
2.148804509094074111e-01
-2.574855152141062864e-01
-6.577361635263012651e-01
5.751116003983615388e-02
3.737081532599851874e-01
9.839284496813058278e-02
1.516529117665262327e-01
3.220649181422058360e-01
-2.511246765821426585e-01
-4.606871281197248980e-01
-5.775361093486847119e-02
-2.341338336380440199e-01
-5.616114281996273938e-01
1.497204165407636789e-01
6.533854605998964393e-01
1.579822950890036326e-01
-4.009825226382220109e-03
2.451983109309406605e-01
1.118726969478972960e-01
-4.925372725612098268e-01
-3.954416549572845607e-01
4.063276842138849321e-04
-2.637625833634523187e-01
-2.742121652121521508e-02
6.037406316174858123e-01
4.100877043679665990e-01
-1.732289114350333836e-01
-2.018272345520398248e-01
-8.131375728315275164e-02
-2.339944242216419890e-01
-1.124081071403500165e-02
2.537207844037289162e-01
-3.695885833471344861e-02
-1.437649566044885488e-02
1.773110710112793531e-01
-1.243038641298471886e-01
-4.407622313900959599e-01
5.121797940318383036e-03
-8.384660604160958097e-02
-2.169960527435437214e-01
2.551710535761548271e-01
5.778584469484623343e-01
-2.476994229726762337e-02
-1.927426651562327842e-01
2.839913763558841731e-01
-1.283038748159634479e-01
-6.932399449037928152e-01
-1.745181366223574060e-01
2.662125000781411233e-01
3.211831839225712248e-02
3.088831276260116110e-01
6.510360784483713026e-01
1.506353689635173132e-01
-3.871495144544656597e-01
-4.916052115734242944e-02
-1.679019461534314583e-04
-3.694071959539007022e-01
-4.576212349348616204e-01
4.976309325504288394e-02
4.043192272165687662e-01
1.884750892970223912e-01
-6.238107020003173103e-02
1.085950017756080882e-01
5.057040235382283255e-02
6.309571867746302520e-02
1.650880038999167354e-01
2.408521540523575200e-01
-3.561517322007874409e-01
-7.244305374396012853e-01
-2.911158677434262376e-01
3.671881678451156539e-01
3.045853963875285730e-01
1.225443298850058815e-01
2.234901580399286936e-01
-1.137894217204690334e-01
-1.939941239676475360e-01
3.065038468353658424e-02
-4.175271994292945044e-02
-8.229530963778389219e-02
1.067138227078957696e-01
3.412672291238860733e-01
-6.313402728709109624e-02
1.978573506347337807e-02
-3.973910381886642390e-02
-4.833251615720518535e-01
-3.728948377312324980e-01
2.383202513786480126e-01
3.621001474043988866e-01
8.219979851222181111e-02
7.810502139654990073e-02
-1.484716816967875629e-02
-2.273352620512273936e-01
-1.331139729323116971e-01
1.963753642615900796e-01
4.247899044057704132e-02
-1.619532139871427412e-01
2.776150758147327702e-03
-2.032682088176147872e-02
4.705553706202780795e-02
2.781468420172393818e-01
2.640156280220871676e-01
-2.422379320658260560e-01
-3.476441611276830379e-01
-2.473056002510000129e-01
-4.393114770342810421e-03
-1.192227091857442356e-02
2.747819194502456597e-01
3.503637148632895437e-01
1.193515302078772822e-01
-1.367978020904447589e-01
3.946332820925671503e-02
2.884116106884827488e-02
-4.856637197437027043e-01
-3.952310932972808999e-01
2.151003912910672833e-01
3.840008217339727081e-02
-2.772430701934007202e-01
2.095315392973798041e-01
5.388543412769345453e-01
1.708424563726664291e-01
-5.860974041901066689e-02
-6.435724061781368521e-02
-4.753712621635551305e-01
-6.530746139310934506e-01
2.796056841805424215e-02
3.902189189913284340e-01
8.674147051176445133e-02
-8.400186146583832336e-02
6.206050035698306572e-02
2.045065833924527565e-01
1.108060595647972768e-01
1.659183574254581225e-03
3.100425556536805932e-02
1.135651813933145626e-01
-1.167918928732941536e-01
-2.740527595902781388e-01
-1.200258335698830003e-01
-6.953437820715602236e-02
-1.431834919512266491e-01
2.018479137459978090e-01
5.554373475588152420e-01
1.694271687836735041e-01
-2.399720717733507258e-01
-3.472924654959931579e-02
-1.718937606741965385e-01
-1.619500085770070874e-01
5.980629285955522956e-02
3.482049893829206599e-01
-1.002146568990006092e-02
-1.101376352679730719e-01
1.671234143611313450e-01
-2.119838517115305021e-01
-1.022608626617059480e-01
1.191935198561305809e-01
1.423179272478700477e-02
-1.698839114023645014e-01
5.334523021027700457e-02
1.318449483390876364e-01
1.935555794173536223e-03
7.114321872620257836e-02
9.358446889601064467e-02
-3.239976494566340071e-01
-1.499856679676761784e-01
6.848828143198149032e-02
1.877256850424537382e-01
1.563350936791158829e-01
3.404825184041078145e-01
-2.641030991901165415e-01
-6.387325954317281118e-01
-1.949342509789683264e-01
1.179944156369329145e-01
-2.342423524693139636e-01
-1.145943260304032735e-01
4.584898212143739271e-01
5.270426947983832822e-01
9.824680596229228013e-02
-2.604980823345158861e-02
9.367649206017117369e-02
-3.504746082463650603e-01
-4.009617667639118199e-01
6.221301108628213283e-02
7.080699518330071940e-02
-4.559877639751407363e-01
-5.924258568449006224e-02
6.182281988381067572e-01
5.311737462906157559e-01
-1.095245007103864132e-01
-1.158804316433650755e-01
-1.280166905655016896e-01
-3.063747663038923763e-01
-6.566311212696925026e-02
3.595068025630722697e-01
1.433368406168415155e-01
-6.142856124100148918e-02
-2.673835614812443418e-02
-3.556506185103266299e-02
-1.553299360736653534e-01
3.373122862649111098e-02
1.639318710699045056e-01
-2.225186176953657113e-01
-3.104342883941723086e-01
-1.746098718641959091e-01
2.200965703662378647e-01
2.264802366209383022e-01
2.812954228114881716e-01
1.595746776548423174e-01
-2.031572484230024511e-01
-3.281272467692477046e-01
-1.178001124377162367e-01
2.548025561539924988e-01
1.527723544940486622e-01
1.750694829588733334e-02
-1.158161903021318051e-01
-1.944706505750885273e-01
-2.714652197597013095e-02
1.911114978134039466e-01
-1.294924420314135516e-01
-1.671951427477974539e-01
1.665089848225028979e-01
2.711109189670390385e-01
6.028661498065268978e-03
2.875184871141410747e-01
4.731385778749442328e-01
-2.534477581620699360e-01
-3.325189177073756275e-01
5.186629405317071118e-02
-3.156630695532399722e-01
-5.770391581469025422e-01
4.003713955886347153e-01
8.548759483249084301e-01
1.860192493067301389e-01
-9.630533171037253953e-03
9.056210096094279016e-02
-4.589935920551707627e-01
-5.892555919338018366e-01
-1.496602940023024353e-03
2.827400320038528370e-01
-2.137568745451873947e-02
2.123630823857093064e-01
3.997640137359967927e-01
7.923720037282715178e-02
-2.267368032375210729e-01
-1.818834390828690667e-02
1.884791176000976953e-01
1.356013063438785138e-01
-1.473967604210298377e-01
-2.702035012086728138e-01
-2.299140502444927681e-01
-9.806783900017113087e-02
6.526756179559436988e-02
3.374792268531819905e-01
1.987945752236277008e-01
-1.947610519693362963e-01
-1.994232195261951002e-01
-9.668866259917835437e-02
-7.620787589687688657e-02
1.362599747156469920e-01
2.765888888480589891e-01
3.283182397702932159e-02
-5.156756350861133736e-02
-5.278637503628148125e-02
-1.748746270871991693e-01
-2.291675665265508477e-01
1.617503351536679068e-01
1.066106163896303888e-01
-8.290972874189089792e-02
2.522768334182833305e-01
2.168860442907342145e-01
-2.939696659292357905e-01
-4.430411702089279147e-02
1.151489621212427317e-01
-5.324205172094061966e-01
-2.900754286286852390e-01
3.536379182214187122e-01
3.775801714494911865e-01
1.039495388505334017e-01
3.284437810012252879e-01
-5.789433857810903639e-02
-5.984079882859034694e-01
-1.396973159378107621e-01
2.328855586775285536e-01
3.869715528059482212e-02
1.453679465412764105e-01
1.869444276567696350e-01
-1.223404605469606277e-01
-1.886895666315968056e-01
2.175172061038771823e-02
-3.230512031446099164e-02
-4.196908972183693853e-04
3.646911858914106963e-01
-5.163062668211893663e-02
-3.530253213347686048e-01
4.105625908901822108e-02
-1.473107243811757616e-01
-2.078811641813246847e-01
1.794612448802580251e-01
1.903595791829674477e-01
-1.636285215101027646e-01
3.587893301969439785e-01
5.630957073156942494e-01
-2.079259930033658110e-01
-6.345305315230245213e-01
-2.325988925778831595e-01
-1.482590817091841706e-01
-1.344936002885503967e-01
3.691946335711080440e-01
3.598030246935913778e-01
-1.158960215102218805e-01
-5.094668605883533041e-02
1.000199840931488976e-01
-4.641949284101835882e-02
-7.864652036279096148e-02
1.019112291195823916e-01
-1.526225081347341167e-03
-1.144264497475366849e-01
5.242147098873668754e-03
1.211032256591643430e-01
1.852595347711640250e-01
1.148894281116507460e-01
-1.396034372237000831e-01
-1.053563913595928769e-01
-1.249915441062684485e-01
-2.158481947256285227e-01
-5.210506188129017391e-02
2.380998548824318217e-01
-3.354428387821294932e-01
-4.295943260513338524e-01
1.669354650267672324e-01
5.657982543037554102e-01
3.860652030461944051e-01
-4.470601754317161947e-02
-1.262586834002054348e-01
-3.510741549655628790e-01
-2.523986026621303225e-01
1.369483257401747089e-01
1.845409011722238812e-01
1.295344047946918598e-01
-6.306551302536790582e-02
-2.015517159487482945e-01
-1.110627442492829742e-01
1.540900540606250368e-01
2.708115336381102245e-01
9.272692991465733559e-02
-2.254197449386609597e-01
-2.478916799733507370e-01
-2.581773019471507447e-02
3.194645994194950100e-01
2.617419181906739944e-01
3.280943410688388351e-01
1.731665958124203319e-01
-2.823521633026037092e-01
-2.926632816448477836e-01
-2.670991729739135082e-02
-1.987963170871388796e-01
-3.590144198657616026e-01
2.209117794469661056e-01
5.107564740181355090e-01
-2.743181400934135289e-02
-1.185057220337402961e-01
2.909110781623626130e-01
-4.387915328948333027e-02
-3.799792943022533009e-01
-2.947095317731654451e-01
-5.629825433521073313e-02
-3.861420527199238562e-01
-1.137421907660852299e-01
5.002862350216943366e-01
4.436701908597945332e-01
-1.554484133673900703e-01
8.915365198798175239e-02
2.324521759109403340e-01
-3.579373109609415016e-01
-6.121605933649234554e-01
-1.916274541899760930e-02
1.128601872145770929e-01
-6.940726888982949594e-02
3.652193396189600816e-01
5.443460634320059777e-01
-5.575739120586691022e-02
-2.006951083249535195e-01
6.215057967314535636e-02
-1.578446120045866874e-01
-4.877668277229270655e-01
-1.073736060419882010e-01
4.568977123856661215e-01
1.738328141312711073e-01
-9.893985273316241447e-02
-3.827017089443628811e-02
5.522258753511483098e-02
1.820656050606947185e-01
2.536237287847071253e-01
2.180018926176582605e-01
8.343044829722577951e-04
-1.632292987440757959e-01
-3.167575766059778086e-01
-7.127024796722658539e-02
1.958566675846572236e-01
-1.495585150973967326e-01
-9.402854649642962415e-02
4.138147249311444065e-01
3.489824078504889515e-01
-7.494727144401619467e-02
1.248556852565667757e-01
4.015571870044262748e-02
-3.950717253732695111e-01
-5.382861349166941090e-02
2.993897039319160513e-01
-9.382788310835313283e-02
2.386062671465341567e-02
1.307789847606335154e-01
5.111632597938189915e-03
-3.213621546666357576e-01
8.992750285187574300e-02
-1.396349614638693892e-01
-1.791951503775872923e-01
4.834478841429922236e-01
4.110766607907885284e-01
-2.531126992397241260e-01
-4.569924221649927787e-02
2.555179355044242401e-02
-5.521191008860095728e-01
-3.964916093866701630e-01
4.551597200717318881e-01
2.309206698990018958e-01
-2.164286056231148198e-02
5.876817507113482053e-01
4.100093687553567623e-01
-6.400299704668122036e-01
-5.844515832344185924e-01
-2.689752453182392422e-02
-1.350833464235272896e-01
-1.478099686998804452e-01
4.204873967411790758e-01
3.431585024008145246e-01
2.807027232824671134e-02
2.035012806112088124e-01
2.622156910001201546e-01
-1.377184514197858367e-01
-2.398244607066151168e-01
-1.739814087379252250e-01
1.124926354739992224e-01
1.065324887978436885e-01
-2.429549104342654531e-01
-4.956153569264276637e-01
3.471853147404890816e-02
3.573964509915776300e-01
1.392338860969096204e-01
2.940036368775382769e-01
3.668011848368599170e-01
-1.014100890493900842e-01
-4.665823154839313647e-01
-3.309583018405526378e-02
-2.179776867046971378e-01
-7.358052919458917263e-01
-3.439698869607309140e-02
7.016368892425872694e-01
2.613054677798237746e-01
-9.644112892452702535e-02
3.291315619176155005e-01
2.146727395601598087e-01
-5.868720216548100055e-01
-3.936866144945696533e-01
-1.152042348274477795e-01
-2.173324970221034158e-01
-4.989735534392330391e-02
6.379803494334581604e-01
3.869889404283024525e-01
-2.077668553562318499e-01
-1.746773364685138552e-01
1.117368059545834902e-01
1.706093312276125151e-01
-2.513546888574201207e-02
-1.359327470878310962e-01
-1.309608055796099013e-01
-1.162426841387915744e-01
-1.415271284576604116e-01
-9.603288851680702454e-02
1.408375696816236977e-01
1.797267290831021103e-01
-2.356828338804399514e-02
3.307736126524715714e-01
3.573699548363330480e-01
-4.468833201585524773e-01
-6.015276367353517006e-01
2.874203376599057669e-02
-3.009627427751260156e-03
-3.751866693792688667e-01
6.774039308963958339e-02
5.402317082465578624e-01
3.374778778152595082e-01
1.925287812628957707e-02
3.279925901679433542e-01
-1.737766143648165895e-01
-5.257199809920277689e-01
-4.140289135217595229e-02
2.185201119951423188e-01
-1.488854228171252736e-01
-2.612762244858403138e-01
-1.336714523643079688e-01
1.410327066309194077e-01
4.257909205028501121e-01
2.257754408786419309e-01
-1.412318054783054666e-01
5.013746480123393995e-02
2.056683613342687178e-01
1.279795344962570691e-01
1.815131060992553336e-01
1.652654604577398212e-01
-4.394199160963576101e-01
-7.600933449249456242e-01
-1.322375516534023132e-01
2.583901292061476784e-01
2.323920569953636384e-01
2.097760559747123554e-01
2.715629234967358308e-01
-5.907391765418989332e-02
-3.257377570247415588e-01
-2.829361537459120640e-02
1.801430080408296386e-02
4.883878500444016613e-02
9.329339873416886419e-02
5.620903117943079619e-02
-1.581996805196070888e-01
-1.143616468364618832e-01
5.120904878598070420e-02
1.738633581621192858e-01
1.780797085505854416e-01
1.668552331610545503e-02
-1.927986665967000302e-01
-6.637377728109770947e-02
9.770803126001861849e-02
1.619062537582029865e-02
-1.909801426108125588e-01
-5.081030485504453575e-02
-7.534693994121158256e-02
-2.515475511128342778e-01
1.550110425945822601e-01
3.947548041937575247e-01
1.375876693576197907e-01
6.066463232683153017e-02
1.694391013951268843e-01
1.077677043275137997e-01
-3.568652090712974845e-01
-6.414184348477813824e-01
-3.965036075476276178e-02
2.028230496689710782e-01
2.302689366734104737e-01
2.987089420716050880e-01
1.730444440884242319e-01
-1.395422040924783058e-01
-3.264151284975395639e-01
6.646731918171172593e-02
2.219652690696860275e-01
9.689520692900435717e-02
3.870630535932514243e-02
-1.713212564764282075e-01
-3.194855607329873393e-01
-1.412397228796291038e-01
3.769843146919839016e-01
4.046292671577508271e-01
3.484669857288370809e-02
-5.178713048791901141e-02
-2.497849226345361662e-01
-4.042044312210813506e-01
-1.250082571858331382e-01
4.004323594514617723e-01
3.810088325419417332e-01
7.435890289066732217e-02
-2.163200620399940155e-01
-3.504146035652782043e-01
-2.268978073497601167e-01
2.458844864196957358e-01
3.933313927532907095e-01
1.108388543371913865e-01
2.664452225436320099e-01
1.151454766725101136e-02
-4.136669200930545576e-01
-2.503994544504050679e-01
1.321232638578663521e-01
-1.470121585553465504e-01
-9.178248611688125114e-02
2.865467996374989612e-01
2.058111149496934800e-01
-1.221176452411411179e-01
6.259008101953364434e-02
-3.556261883185651146e-03
-4.377007985793057721e-01
-2.292828297989760178e-01
3.502902480441838495e-01
2.112283535187123584e-01
2.477097149492966943e-02
2.858121259141837012e-01
4.650404529276326582e-02
-2.715829158322852210e-01
3.707398826719047330e-02
3.838416975183024382e-01
-1.159024758223033275e-01
-4.792053807130651211e-01
-2.793310920055565028e-01
-9.829782974356934822e-02
2.623255746391046639e-01
4.069613325788281055e-01
1.170083811890494305e-02
1.917691549904525922e-02
-5.198074698269258831e-02
-1.156322719240058527e-01
1.599400192711790958e-01
3.558985493490468000e-01
-1.082035902617162065e-01
-3.293109503868663079e-01
-6.538703053401259679e-02
-9.780529325504325189e-02
-1.005833459267532759e-01
4.710063355578472111e-01
4.171892078320488251e-01
-1.917407163634758105e-01
-3.089685016489387981e-01
-2.283608000139104033e-01
-4.764631657716169033e-01
-9.383239170510140892e-02
5.746585972661928388e-01
4.497004412177013633e-01
3.112582188452122506e-02
2.354545833309839020e-01
5.049023700708189094e-03
-5.209507095107857033e-01
-2.800102918562720200e-01
1.433771479300327834e-01
1.822740240723695615e-02
-2.350893581927609999e-04
5.531834043209530316e-01
1.474625712704635550e-01
-2.940311853031291056e-01
-1.945971218508328326e-01
-1.612396509270437872e-01
-4.107096828725689264e-01
8.630968034151240142e-02
5.923876700964971764e-01
1.224366670677399099e-01
-6.525533242418862789e-02
2.218189553500806432e-01
6.852552553889354470e-02
-3.949794820238696769e-01
-2.299460880677959840e-01
4.006338113079915830e-02
-1.728771728873797486e-01
-2.376893267761018003e-01
1.585355739791969865e-01
1.977076039604757085e-01
5.463618120453680310e-02
3.149383287980944135e-01
4.558060624494475466e-01
-1.889352284713633201e-01
-6.906601377840972944e-01
-3.239804350419420720e-01
2.243110575743223478e-01
9.046776426280032923e-02
8.222336528056395366e-02
-9.387351942090180201e-02
1.470077783911000191e-01
4.405498490609897899e-02
2.121521453669566182e-01
1.757337299222921090e-01
1.753721122741173366e-01
-1.966414428045349938e-01
-1.463770102078683910e-01
2.048908379463690657e-02
-2.766920537800963975e-02
-4.629364439316824287e-01
-2.291113945710726851e-01
2.104686292590703667e-01
3.078585174662219481e-01
7.776720076975295048e-02
1.293172989281713425e-01
-3.324600278042671303e-02
-3.634433174555463109e-01
-1.440448097151499629e-01
1.890818446556838672e-01
5.779359287983300286e-02
7.257989855471480567e-02
1.340785892296738058e-01
-3.788570962998608765e-02
-1.443798801312319302e-01
-3.913308320835598431e-02
9.690452284734393795e-02
-1.267107155452064926e-01
-5.719952014146152675e-02
7.547254801293185045e-02
-6.397347106866120570e-02
2.840655412332176652e-02
2.591430506334264638e-01
1.998474998136298697e-02
-2.563067001121442923e-01
-3.360292175454443475e-03
-1.688610784597459336e-01
-1.530568157848974653e-01
1.997046582063296549e-01
2.804703336496942589e-01
-4.874990254959993968e-02
-9.651295688924599325e-02
2.813429335884803581e-02
-3.571832326283749248e-01
-3.354372497985209645e-01
2.088264188967342561e-01
3.287349659806022006e-01
9.650354023746504639e-02
2.947483181503806060e-01
3.435445392272494791e-01
-2.847534575459854111e-01
-4.834661085973728234e-01
9.580266324372151143e-02
8.563502028277186762e-02
-4.611248559170854078e-01
-4.677549896762531745e-01
1.196887481679690668e-01
4.018392027622198492e-01
2.659774607207511798e-01
3.616554050827829880e-01
2.936606828420838811e-02
-3.947787514980761747e-01
-2.505023619639520360e-01
1.033828846665993673e-01
2.836019317999868283e-01
-5.738634056417128704e-02
-2.580005172463481489e-01
-9.128680604382963248e-02
-1.060078573845152222e-01
3.019578020981370514e-01
1.966961956828084945e-01
-1.175831638275990354e-01
-2.166986379242548111e-01
-8.287009471308202924e-02
-2.383999032452655681e-02
2.439311386636985324e-01
3.811481541973940623e-01
1.228988450020588319e-01
-2.082927506081365121e-01
-1.939914863065127504e-01
-1.439610815432094681e-01
1.181285583832258623e-01
4.836154584311719296e-01
4.214580799894755425e-01
-1.991694790791102010e-01
-3.969384350668743733e-01
-8.220039832673436964e-02
-1.085244423807406322e-01
-1.252427690857516041e-01
2.566130601101272446e-01
2.030816296805755539e-02
-1.368871296982429042e-01
7.273846480023628269e-02
2.820003382277138648e-01
-3.320034436785157528e-02
-5.208980061936690359e-02
-1.199844729825696871e-01
-2.354957055911345576e-01
-3.232624484369020501e-03
5.272397714850518557e-01
2.030279114558968534e-01
-1.374905393375338569e-01
-1.792740695287759478e-01
-3.620205632312886168e-01
-3.399685087430519559e-01
2.485980207364137384e-01
4.733360870894611772e-01
4.697539248587172256e-02
-1.334228070031452940e-01
-1.148223146892042024e-01
-3.299064057310437947e-01
-1.402581311949017973e-01
3.654795818189423007e-01
9.722271514730367048e-02
-2.117395714006525542e-01
1.496374692413965091e-01
3.036314487916000893e-01
1.094290590135780228e-01
3.340378086325684198e-02
4.158804284816267072e-02
-4.438360526046021826e-01
-8.223323916118725485e-01
-1.142494731788781942e-01
4.276396306162436045e-01
2.516543212976876664e-01
-3.361016473805800708e-01
-1.292074607928800703e-02
4.930807396653060781e-01
4.171078425858830707e-01
-1.949974262049848639e-02
1.680720687750138220e-03
-6.322043496749518710e-02
-6.607388386819100790e-01
-4.837070819049233972e-01
1.564598772970820506e-01
1.290051141019055159e-01
-2.212537958708682140e-01
4.189720675652985893e-01
6.699713110128033833e-01
-2.717375590101115540e-02
-3.279286282441743472e-01
-2.001982122316224577e-02
-1.092091615131972060e-01
-2.928431056826378276e-01
-6.883797017723139455e-02
-1.218413246653754500e-04
-2.011474288529967180e-01
-7.295634371247752825e-02
2.706991073094843769e-01
3.176507994525173406e-01
1.270898768615650876e-01
-1.756365983351797777e-01
-6.179845619571387727e-02
8.291512065434886170e-02
4.664679712122143940e-03
-3.083897007036373039e-01
-1.513401510441604314e-01
1.693422036620642890e-01
-1.110570427119237369e-01
-8.576332181391585485e-02
2.404145323391099764e-01
1.762457269128018811e-01
8.677695386464963356e-03
3.822355725218338773e-01
2.909495357135105098e-01
-3.995684913132995786e-01
-7.009015221047305566e-01
-2.072969420133426444e-01
2.364531080560153264e-01
-4.774740155274097980e-02
1.235531785904825930e-01
2.386996754909805896e-01
-5.340201646431259885e-02
-2.040469447841666839e-01
1.444876011005576943e-01
-9.369043530998523439e-02
-2.838553330016884702e-01
4.035910494092514317e-02
1.977769056664279435e-01
9.976516233228567565e-02
2.083518249472923467e-01
3.135483539798376018e-01
-2.404871848965764169e-01
-5.159671020524859708e-01
-1.287721271549761570e-01
1.155728256300861678e-01
8.597457431303398567e-02
2.391337459812216404e-01
1.632066255283321221e-01
-2.026840648935416822e-01
-2.302153414415922250e-01
3.620209644914240688e-02
8.455175593379622712e-02
3.854719467136512312e-02
3.860328974356622145e-02
-1.017414771508018123e-01
-2.025396661893170969e-01
2.192644255148743226e-01
4.312089353487326693e-01
2.194349220328262878e-02
-1.597916334784128534e-01
-2.522064793396703308e-01
-2.747039758166290868e-01
-2.073215310974185766e-01
1.778930419294305898e-01
5.051882929529097899e-01
2.246340035709810945e-01
-7.271453124846451177e-02
1.336730364918870539e-01
6.606119826972180198e-02
-2.388093705140815204e-01
-1.881540924834781137e-01
2.603421153499992924e-01
-2.430503391851814542e-03
-3.662900293337920665e-01
-1.895238623630976227e-01
2.520337837986129648e-01
2.865765284215682218e-01
3.112716621124929639e-01
4.778407523414863189e-01
-4.649764211096516636e-02
-6.413852699237899690e-01
-3.928422344831639657e-01
1.793197210056828306e-01
1.079740843745596313e-01
-1.933422546907846429e-01
-2.111138272152620621e-01
8.609165086005948764e-02
9.673065226516094905e-02
1.555408589119819107e-01
2.522075485751855140e-01
1.814437389071898443e-01
-5.473218294596066819e-02
-2.884336477492235318e-01
-8.275714228296054964e-02
-1.164122652658055174e-01
-3.729095044273175175e-01
-1.542687359265589586e-01
4.398807545699963129e-01
3.171694968117858560e-01
-4.424489238097484289e-02
1.303855116829733263e-01
4.774360938341131594e-02
-2.022909642431681698e-01
-1.857585185628660152e-01
-9.829022785206961710e-03
-1.505785895054354007e-01
-7.410104885928070484e-02
1.787112675940830675e-01
1.822024868926920005e-01
-1.150338110033434919e-01
-5.390022324458622338e-02
1.939566649144005839e-01
9.269104776829602266e-02
-7.734277014209811618e-02
-2.808592881841869282e-01
-2.476295841137864662e-01
4.227821537936694157e-02
2.883802706111097611e-02
-1.503323707125978070e-01
-5.869037011132673815e-02
2.639321456665190413e-02
-1.054665123044933317e-01
3.391726165450539843e-01
6.408323522795784655e-01
1.351091610550426148e-01
-4.893226369128809150e-01
-3.670808238431979564e-01
4.400055595317784590e-02
1.081771536207838391e-01
-8.640332774127321147e-02
-1.377932772033668707e-01
-1.038841424221801368e-01
-1.289717977289231432e-01
-8.195842079026653682e-02
4.634238041226334537e-01
4.595763045023270044e-01
-1.076492704519180499e-01
-1.695338352193053177e-01
-5.248382226097179221e-02
-4.238931692470468970e-01
-4.357219983576388067e-01
1.493266775557413051e-01
2.712161408278546126e-01
1.049518096973200004e-01
1.603501835538918563e-01
1.505433513156869685e-01
-3.998270041384146545e-01
-3.146166185774725288e-01
1.062552381371208166e-02
2.977627215671360336e-02
-1.481436521651059192e-03
3.414939076350719249e-01
2.272914116645592952e-01
-3.020698636613435850e-01
-3.938954426614434123e-02
2.544229585437258190e-01
1.679482799301268425e-01
-3.624994360456198356e-02
-2.295014679142984293e-01
-3.958387626347411592e-01
-6.593170219143495991e-02
9.185204945408406707e-02
4.292769030422860510e-02
8.187667923400698822e-02
1.226415025552297922e-04
-2.681950407410759740e-01
1.513470462954895346e-01
7.024697110480411233e-01
3.017680106119113859e-01
-4.745860895006778213e-01
-4.284653513928015078e-01
-7.890555697600784568e-02
-2.884944295044145068e-01
3.439588564975778334e-03
3.155658475002713348e-01
8.020280891322401073e-02
-8.563841861843818348e-02
5.191932632069615194e-02
1.066704963176773741e-01
7.542519014285201107e-02
1.865196090061355949e-01
-4.146660387476302362e-02
4.243560957727737781e-03
2.297436855135616407e-01
-1.746792175715018991e-01
-4.037788811841122039e-01
-1.890613486198078896e-01
9.187243343308702792e-02
-6.874821462686440954e-02
1.484440582973786393e-01
3.690447277954400085e-01
7.350948820071279144e-02
-7.439124557541784699e-02
1.407815160213702899e-01
-6.481299928657606457e-02
-6.118191920323117206e-01
-3.726417693050004254e-01
2.714672347214980297e-01
1.377095145922287989e-01
-1.483359631371416743e-01
5.339685813626038335e-02
3.835117036167425830e-01
2.634129061874252442e-01
1.067661256731885361e-02
1.008541391430213263e-01
-1.023617488567572231e-01
-5.674246589200367952e-01
-4.180643796726203898e-01
1.757592970976691316e-01
1.071171090879252108e-01
-2.274011841247788046e-01
3.999970016673638495e-01
6.724989652343605906e-01
-2.191366644087588966e-01
-3.382595799403684822e-01
-2.647641019447950425e-02
-2.287159694150806555e-01
-5.681254122796161043e-01
3.914464960072731869e-02
3.283997443269581762e-01
1.127208140807078873e-02
2.234824133961109127e-01
6.173586803968320602e-01
1.102247166308682053e-02
-4.780040918610434786e-01
-2.779691296513766008e-01
2.717077727080971852e-02
2.604814485449938322e-02
5.925526545535307610e-02
-5.496235687543178650e-02
-2.241354868116522958e-01
-2.945328315498554894e-02
1.341331133845488355e-01
1.609793844825619658e-01
-2.693932056351956011e-02
-5.196551366173584457e-02
-1.780986859769432273e-01
-2.003756431466522381e-01
1.734963274953799095e-01
5.191697758623244896e-01
2.627840931892352905e-02
-2.111486862443390788e-01
-2.578865048767676194e-01
-2.603256122542090267e-01
-1.322441404936521847e-01
1.538672770903089237e-01
2.461706794872491333e-01
1.112302963603298139e-01
-8.929529403821849509e-02
-2.328864433762170907e-02
-4.855777116359817625e-02
-1.114963822695688167e-01
9.531050174777019879e-02
9.437463970920406675e-03
-2.670801279472911349e-01
-3.628118887394454206e-01
3.860212419333133305e-01
6.086783918497711277e-01
1.539558623189306030e-01
4.403819986165499745e-02
8.831141982827636627e-02
-3.310088709909918547e-01
-4.158516270168013951e-01
8.515179565326828903e-02
8.635870633693580600e-02
-5.272469545114127909e-01
-1.075735264902803606e-01
7.322469317732708260e-01
7.046008710816485943e-01
1.833612629394229532e-03
-3.391122506758931232e-01
-2.425309920019400600e-01
8.510170392127873462e-02
-1.520828174919110209e-02
-1.868567287272988875e-02
-7.902194526474357050e-02
-3.559509241890445597e-01
-4.550132593699004468e-01
2.529258823172092496e-03
4.383835475280873362e-01
1.758903209132106349e-01
-4.771936046744970628e-02
3.533855039155817113e-01
4.343412557941704333e-01
-3.285056792298977069e-01
-4.293756762975242114e-01
8.697312158349929101e-03
-1.710419898362743052e-01
-2.594330033024055404e-01
4.483028171024923125e-01
5.535479075769105251e-01
-1.129141733580063534e-02
5.320065667211986565e-02
3.992020558290357291e-02
-4.048612813087889561e-01
-4.493440350690874330e-01
2.386552545869938535e-01
2.565293178106887173e-01
-1.026906439486101885e-01
-1.418552040235092071e-01
-3.447027154524529013e-02
1.031501958083358012e-01
2.654489446446912093e-01
2.791564814340197209e-01
1.730787342138120216e-02
-1.182095529450905291e-01
-2.155275563395960825e-01
-1.689466368563415644e-01
1.934993567027436245e-01
5.144409509117914281e-02
-6.367087345254562880e-01
-4.420377747650019451e-01
2.941383225172861660e-01
5.158303837321055463e-01
2.129661718167419893e-01
3.017470402072823243e-01
9.649136562784439708e-02
-2.635170497391667865e-01
-2.227681574978365442e-01
1.643714512996655996e-01
-1.355169188053230098e-02
-3.072607315211681733e-01
-9.297618160867704429e-02
3.526073339802537204e-02
1.240301432179514302e-01
1.257535282243892050e-01
8.065980618822594927e-02
2.714054048343288172e-02
-8.384957656150215932e-02
-1.872918231447524839e-01
-9.942306079354443216e-02
2.983767522691740948e-02
3.242788684749001171e-02
-7.970948618191645019e-02
6.575837992353235351e-02
-3.406869276351200820e-02
-1.344380139301431243e-01
2.848335543163755812e-01
3.887116134333027939e-01
7.518189353856105650e-02
-2.733253569945627293e-01
-1.816097655724790982e-01
-1.882820020634037306e-01
-2.219764461054052895e-01
1.936877710919240325e-01
3.877336200105269692e-01
1.311688995280725356e-01
-1.373492271608579840e-02
5.535258951583767878e-02
-2.544601675854314959e-01
-3.921009235038875884e-01
1.118920632300041407e-01
2.039135499905945503e-01
9.290940348752055322e-02
8.932572453047682437e-03
-2.171616490381440279e-01
-1.487163978329483494e-01
1.473203077686633389e-01
2.736979205883127708e-01
1.199745902483849852e-01
4.313364935296922636e-02
1.294724100222456598e-01
-7.671083856359313738e-03
-9.800997308710551748e-02
1.949488943627891990e-01
-1.680801703147681014e-01
-7.539897916685771584e-01
-3.302214468136168146e-01
3.870198105906218489e-01
5.508775255603336196e-02
-2.912918114082863053e-01
3.294178876490810315e-01
5.463672739419657143e-01
1.421138066108785236e-01
9.976624645654172396e-02
3.513869576348970653e-02
-4.688669659148042568e-01
-8.011540085559822888e-01
-5.430144333404973711e-02
5.524422587375198423e-01
1.765271912475935290e-01
-8.441783648187950462e-02
1.862952569144318837e-01
1.630426698168880792e-02
-3.230217433799053017e-01
-9.590233746871915099e-02
1.589505860126891879e-01
-1.413102508145482605e-01
-3.509977347144988546e-01
-1.532155875936266204e-02
-5.777786556597203083e-02
-6.136841389308052286e-02
3.780990997929066788e-01
4.846381359420663948e-01
-6.723427047715362093e-02
-4.858753766880942182e-01
-3.115846357171643266e-01
-8.803991799924795747e-02
-1.224445555498456795e-01
3.828046369296026485e-01
3.595801079469161388e-01
2.050648754021884221e-02
-1.455909873967423385e-01
-3.824376537603835224e-02
1.118908123126476084e-03
-5.113633327699685510e-02
1.637558449135954608e-01
1.400546726064212377e-01
-9.915832016231684864e-02
-2.615765134781102286e-01
-2.593348541799603280e-01
-1.293813896586429660e-02
3.325625085550491522e-01
1.919312639522269825e-01
-8.470654042968694952e-02
7.052968999012260154e-02
3.293368125756654385e-01
6.997607103367592396e-02
1.373691681533992792e-01
1.202687796119422392e-01
-4.295969392350424965e-01
-7.953975336828347231e-01
-1.574393473240444929e-01
5.637301243936526651e-01
2.818694363715421036e-01
-1.274898120865217144e-01
-4.730827260022220718e-03
2.773840955247433571e-01
2.894824575513823550e-01
1.695130145684449752e-01
-4.058829958322024423e-02
-8.692462670751122111e-02
-3.215635933305075467e-01
-2.595292933345496600e-01
7.808260000317623559e-03
1.195404922267000458e-01
-4.315894827713437909e-01
-3.144217725994454260e-01
5.086800415126714325e-01
6.875007893155586913e-01
7.042538605322182232e-02
-1.414099738210889967e-01
2.887112448122082231e-01
-1.105060867304890615e-01
-5.457370215404003799e-01
-2.361038034932441687e-01
-4.463447103946121403e-02
-3.434869685969990649e-01
-2.767029623945556696e-02
6.880241653486808273e-01
2.956355464712421832e-01
-2.411346443241629556e-01
2.037391235320406280e-01
2.123351793437691093e-01
-2.446314528042891345e-01
-5.313656528609574936e-01
-1.594335085835792976e-01
1.793943098945369186e-01
8.827041677514064696e-03
2.207359880117275297e-01
3.868043308410016867e-01
7.023785145822569742e-02
-1.238983303330453284e-01
1.250985084506126555e-01
2.623986982912051430e-02
-4.031139589519565081e-01
-4.515550049459767790e-01
1.490965341570620883e-01
1.605478651745519403e-01
-2.095436859755576975e-01
-2.540078924105460545e-01
1.357339786358583711e-01
2.474186385729182924e-01
1.780331590676496600e-01
1.972359990834286481e-01
1.805717822496823999e-01
-4.021239780270526309e-01
-5.110646277156835060e-01
-1.150706912282661448e-01
1.819611685181400651e-01
-7.167985065942780731e-02
-2.636775984140402387e-02
3.487349803248878111e-01
1.930940072405304964e-01
-1.749411805030499367e-01
-5.691369643833135705e-02
1.727962798677325218e-01
1.272595029616378492e-01
-1.644224227479862965e-01
-1.310445200271726229e-01
-3.069742251962592205e-01
-4.271558021365141622e-01
1.023406263349365408e-01
5.668980801815211024e-01
5.724127426116846218e-01
-2.245135219258752660e-02
-1.819544450035565641e-01
-1.107895779195637725e-01
-1.220983712988663872e-01
-1.884677750841811938e-01
-1.636399886135686543e-02
1.596044205720857923e-01
-1.382409413148282251e-01
-1.282467865211592284e-01
2.162625007269017852e-01
2.481903707357171474e-01
1.845167262087684529e-02
3.746428065712041899e-01
3.168210275341341031e-01
-2.913727657576081209e-01
-6.441705061566187496e-01
-2.940422208617378685e-01
1.719478215258184728e-01
2.523426013963832037e-01
2.169380445056669493e-01
1.448061705681686628e-01
-1.187940800259239676e-01
-1.593618122123101333e-01
4.865171418448026308e-02
2.283441127040004848e-01
6.870006157505799405e-02
-2.165558683848616273e-01
-1.448679211823674373e-01
-4.776613305534768011e-02
4.820819818322630290e-02
-1.061449846852618312e-01
-1.545915014172261071e-01
2.032222188591895073e-02
7.437779401498606502e-02
-3.545258298666761898e-02
6.454507524348754299e-02
2.203728759112649760e-01
5.109538390736145796e-02
-7.475216027843435695e-02
6.387538462156126806e-02
-3.221480855209245958e-02
-4.839181201594789927e-01
-2.594863180184626139e-01
2.374327428588348110e-01
3.939276562650463887e-01
4.176026543876011632e-02
-1.391773684965728064e-01
-8.200886254145262066e-02
4.358204411602353834e-03
2.376291047914299293e-01
1.283275311023050758e-01
2.450430961586502407e-02
-1.816725070085100091e-01
-3.185573885318098708e-01
-2.814489509199565309e-01
2.178544134597676374e-01
1.695594226495982237e-01
-3.616438661852566794e-02
1.783506485164036148e-01
1.883020962626285599e-01
-8.334518467566420785e-02
-1.198376657165741710e-01
1.941090943347469622e-01
1.258419533387350742e-01
-3.558234814943664337e-01
-2.590994843851362472e-01
-4.126979868186175793e-02
-1.193382385173598764e-01
4.660439757329869481e-01
7.734100181143804820e-01
2.126687263541071626e-01
-5.498717204175616047e-01
-4.667096847960586214e-01
-9.454461300406519220e-02
3.757307838350792961e-03
-3.180093478518531552e-02
1.732937076862354764e-01
7.687167871097860816e-02
-1.761380982212548685e-01
-6.784414505288005777e-03
2.533982617664211623e-01
1.424190527191152300e-01
-5.852921092225857325e-02
4.584280361326567230e-03
-1.132534880495126989e-01
-3.558157210251084446e-01
-1.753411692703720215e-01
1.462747697972322791e-01
4.046775095365264252e-01
1.223773560296769480e-01
-3.972925470905174644e-02
-3.490919323457183227e-02
1.084900184320738425e-01
2.297245223088313637e-02
-4.479574538565456177e-03
-6.165142215991558511e-02
-4.246490007748913720e-01
-3.077827716124304502e-01
1.727822468288897351e-01
3.599579345588704848e-01
-2.116117609210592387e-03
-1.243127967237573489e-01
6.065155324845048490e-01
4.079741970008911034e-01
-2.570124034543742608e-01
-2.937273177457962459e-01
-1.095088915655696160e-01
-5.121270340996746384e-01
-4.563137461838097098e-01
3.974380185523691544e-01
4.702491176123214656e-01
5.116100641211200617e-03
3.504865995733484896e-01
5.663675749370118417e-01
-3.917079361585431574e-01
-6.546528210290284422e-01
-6.115110829950614474e-02
-1.178654091899748874e-01
-1.782897107022130279e-01
4.515883158772175943e-01
4.442147606621540401e-01
-8.005302539067600531e-02
-2.216730643414491220e-02
7.893399047337897045e-02
-2.211384412962646429e-01
-1.316327765617931189e-01
1.833149434989677362e-01
1.640998718842690274e-01
-4.624838235644249118e-02
1.775973140902710190e-01
-8.581990821559967730e-02
-3.221981195690671873e-01
1.522657963895373279e-01
1.417674649016223420e-01
-1.261193588413593025e-01
1.095912624214705477e-01
3.452031642468348371e-01
8.541575962099062780e-02
-2.839571967972223665e-02
2.639680807040457600e-01
-2.850054886997033798e-01
-6.898597285446703697e-01
-2.106944615443618884e-01
3.937896574721036491e-01
1.676305297069072553e-01
-5.884256611372887247e-02
2.712780668780554252e-02
1.821869519751299071e-01
2.657095919641209725e-01
-1.632530339815861653e-02
6.928606826316117961e-02
2.703121565339257348e-03
-6.672518328610357319e-01
-4.413457453588659485e-01
2.695897140806907122e-01
5.698979546672407887e-02
-3.261470704701358581e-01
3.530199354446542093e-01
8.174480412272119301e-01
-4.422483509069742580e-02
-3.332115284485102635e-01
1.692853370910158512e-03
-4.104372067875645680e-01
-6.735771846509914784e-01
6.654103065057065391e-02
3.655865694008714750e-01
-5.950135378963631802e-03
3.404535060169360250e-01
6.359615229699351335e-01
9.633869977467346413e-02
-5.323923760232154301e-01
-3.253071865981622679e-01
8.203673031708280661e-02
-3.051509348147275758e-02
1.538854211436030961e-01
-3.613632068298326672e-02
-3.128286660825813636e-01
-2.443525554475586281e-01
6.829843262883272814e-02
8.150248736014992224e-02
1.903161973734615042e-01
1.415123659265482003e-01
-6.333095602515521894e-02
-8.829207515295693642e-03
2.509891372068744908e-01
7.727430517060041026e-02
-3.240552683600134709e-01
-1.879681698619276309e-01
6.187838259552602693e-02
-1.402928958721966768e-01
-1.533040536860036385e-01
-8.342798254296772409e-02
2.031615849096413684e-01
2.101658006142979318e-01
2.705088070959180691e-01
3.701559400226404617e-01
-1.428413591673707156e-02
-5.204636076933549793e-01
-2.416613688827667916e-01
2.479893309160012826e-01
-2.508379014984805228e-02
-4.075947401327629227e-01
9.207314191058181552e-02
4.612702814997992617e-01
1.272690975082244602e-01
5.649695915470660801e-02
2.087750457681791794e-01
1.507557359482182904e-02
-4.178221385879185568e-01
-7.839139068875713989e-02
-7.273803203933506059e-03
-3.726137067850441298e-01
-3.853786157809453439e-01
4.059136585104614059e-01
6.255314067515029830e-01
8.603279249173381715e-02
-8.133871035445433550e-02
1.039403884995624139e-01
-1.335535865591376825e-01
-5.028538534597631893e-01
-1.859193941724760490e-01
4.020305849655538000e-02
-2.585398005549910949e-01
1.210257679302313011e-02
7.637854424945156318e-01
3.648524682264411290e-01
-2.897208529675654454e-01
1.022522497572571354e-02
1.985728022572935125e-01
-5.790220245136229460e-01
-5.246419265365054319e-01
-8.663028641368461513e-03
1.100133090011188308e-01
1.807977524110360168e-01
4.501614024284285032e-01
4.943038969957448681e-02
-2.590494898704328586e-01
-1.190695478903157078e-01
1.765112373343495633e-01
1.067094662620885759e-01
6.493216759646464054e-02
5.169492244268797387e-03
-2.366630287210453876e-01
-9.221886152301234096e-02
2.055948978999828924e-01
-2.469454159570363405e-01
-4.457158499934810725e-01
1.431000484670194861e-01
3.053008395041436063e-01
1.058901731498113202e-01
3.300879370770091747e-01
5.212846663478347686e-01
-1.228859041303689281e-01
-4.122609669395475018e-01
3.885600815620533777e-02
8.215353039064660079e-02
-6.761467390657485144e-01
-5.429115499353586172e-01
2.388907044503831845e-01
4.875956239353657629e-01
2.372619895115759270e-01
2.492917747308176502e-01
3.231516743810034509e-01
-1.790866793751256236e-01
-3.689561870051750181e-01
6.673830065273368695e-02
2.518413571341553137e-02
-5.390677610934575537e-01
-1.967151336448412224e-01
5.054325698295679681e-01
2.550944101193566294e-01
-1.369162060932804514e-01
3.677872744119928816e-01
6.484828031457091635e-01
-8.122900069789917854e-02
-4.979648581307808963e-01
-2.853390071314442777e-01
-4.885663250920747047e-01
-5.001517508374903054e-01
1.618941580359551935e-01
5.826846725790805204e-01
2.235045772765436312e-01
-1.324898237530566236e-01
3.536276210729657477e-01
2.707456176944715298e-01
-1.450152334729529757e-01
-4.467817585915839218e-01
-1.315333390179658224e-01
-2.477042881461494206e-02
-2.251928919641241478e-01
-2.979004057705922914e-01
-6.833426286554782070e-02
5.057485720587676092e-02
7.200457129140287738e-02
4.466465303715533297e-01
4.779399904669016097e-01
-7.226815105355555158e-02
-4.118429114922802503e-01
-2.379212305952417839e-01
-1.100876326919178472e-02
1.307014119130879837e-01
1.073298433787780448e-01
-2.107104680840805877e-02
-1.269011653329072398e-01
-9.744217923656231517e-02
4.146839732144408375e-02
3.557560991445794102e-02
2.414497935779861271e-01
2.178196383722579288e-01
5.021295257457503158e-02
1.225092743904918902e-01
-1.363441712806622540e-02
-3.685207490498030314e-01
-2.934903872717811724e-01
2.077201205641985848e-01
1.856819050286379613e-01
-1.815794097323877310e-01
1.673704637630255287e-01
4.518632315413890765e-01
7.214263817963309511e-02
8.323984515764389081e-03
1.029725783891822372e-02
-2.922210621160873378e-01
-4.880903044764517973e-01
-9.996593355327700048e-02
2.901122431632576770e-01
4.615782819471406229e-02
-1.477315526646706956e-01
1.970219627025069364e-01
3.663529828434623492e-01
1.777141316686732808e-01
-3.014963744613325183e-02
-6.618983698203004251e-03
-1.507329594320653554e-01
-1.598665399735831050e-01
1.920825676851172642e-02
2.286640932332781317e-02
-5.253206260770414138e-02
-1.661863430536830999e-01
5.362159268365807724e-02
2.048245375925576428e-01
9.878906858655527035e-02
-9.090259592663219035e-02
-1.023880303639640860e-01
8.049504252716491171e-02
2.159349224386838406e-01
-1.234455723508635742e-02
-4.386561132324365286e-02
-1.009929554794996021e-01
-1.702133260505869494e-01
-1.184516187193998260e-01
2.257742676055047581e-01
2.904324661976810384e-01
3.830662977624307852e-02
9.711786271482684973e-02
-1.636560551748552639e-01
-3.796298047842457946e-01
-3.107635512653907361e-01
2.998768031984242466e-01
1.319195786467177722e-01
-2.262384003709677627e-02
2.865475015930492031e-01
3.348845094074777706e-01
-8.830549711036321525e-02
-5.523227131585174698e-02
1.809442505710720864e-02
-6.485138464873705377e-01
-4.069672561709213876e-01
5.314803531608327525e-01
5.091351694481717205e-01
5.114409409758731428e-02
1.342531543747990941e-01
-5.635941770818673341e-02
-3.936349195711670301e-01
-1.412190309267142285e-01
2.193470895039952018e-01
-2.962365264873930218e-02
7.528430317069746691e-02
1.706900912634262968e-01
-5.933992080056768592e-02
-2.121651513436220438e-01
9.390315366920400086e-02
7.860561546576744218e-03
-6.887326351564046489e-02
2.892719791492837089e-01
1.492695577218012271e-01
-1.317718695460172729e-01
6.841913767201839025e-02
7.321240785994358180e-02
-1.398578893689787217e-01
-9.062028982967301749e-02
4.800840859523584220e-02
-1.471510949927400946e-01
-5.417288963227417931e-02
1.018112880975191037e-01
5.854103308212955242e-02
-4.878792075506351023e-02
5.557787316884868836e-03
-1.534302777146171470e-01
-6.644517259292385958e-02
4.040204162185735970e-01
4.061502803192571509e-01
-1.146422680737785582e-01
-2.292317727207948685e-01
-1.803582479016243301e-01
-1.564572372758709362e-01
-1.171296206884503283e-01
6.753449315626758320e-02
-4.720326899640735208e-02
-2.687073177330443485e-01
2.471115620132691149e-02
3.954227840772552849e-01
4.691986237935331649e-01
8.312862632818647513e-02
-2.089374352606529761e-01
-1.058716967280334265e-01
5.772468595659175500e-02
2.636403046821223645e-02
-1.094203322829732927e-02
1.337270945002715927e-01
-1.530005067802217289e-01
-2.042325496358386727e-01
7.154094398061572324e-02
2.724238508197214803e-01
9.737377014589652935e-02
4.335390892501526927e-02
-9.316805276074002773e-02
-1.610678968203288486e-01
-7.931614171388091938e-02
-3.047755240009333150e-02
4.779985197533512600e-03
1.721711790938279876e-02
5.145777372141242811e-02
-2.879437054252530215e-02
-2.674715379610956983e-02
-8.045827568765168830e-03
-2.686407396462912010e-03
-7.256638463108959318e-03
1.098989462923047888e-01
1.469086661284154660e-01
5.038131239224288849e-02
7.173901258822196203e-04
-1.299250211504355233e-02
8.838945789829300015e-03
2.710092044542964512e-02
1.101541096820316395e-01
6.463161458320172692e-02
-5.170609116876830058e-02
-2.127275230527981079e-02
-6.930844865311255876e-02
1.232699076399572380e-02
-1.414607965439952479e-02
2.694676308184142111e-02
2.474758166175925617e-02
7.868125838445507586e-03
4.812721575929739676e-02
-5.357909919021611178e-02
-5.203556107862123553e-02
-1.059882668677705753e-01
2.781805995807091689e-02
-1.294744720763577051e-02
3.773536940749066398e-03
-1.225002973286361263e-01
2.559227800175875589e-02
5.645375177102406744e-03
-4.042955358951162703e-02
5.775450450481180859e-02
3.623273311790525808e-02
2.506631126742870502e-02
4.433844227961913909e-02
7.842233851247779053e-02
3.396449299270931643e-02
6.301465124103188681e-03
5.663110454534714400e-02
-6.219842846346007592e-02
-8.201341860598726496e-02
-4.514891806449246314e-02
-2.177138324025215330e-02
2.005558644006864497e-03
-1.097541647295436212e-01
-2.519742802472710319e-02
2.570711354760613510e-04
-2.750695710431978400e-02
-1.560116722507937266e-02
7.515957087910960822e-03
3.606607835324544126e-02
3.209188228606491694e-02
-7.008640324104374597e-02
5.520192428541368518e-02
-1.998845695807662665e-02
-1.175069590159611849e-01
3.966910066800030665e-02
3.949151718728621807e-02
-7.344155785741743325e-02
3.701900845129768580e-02
-5.307072790863955059e-02
-3.376431425584758977e-02
-3.812579126496160736e-03
-5.926417710232798758e-02
8.526986453762437634e-03
-2.113189003882323322e-02
4.430233643054996839e-02
-3.363561854102827681e-02
1.253780052145682944e-01
1.109643528777260954e-02
2.049013288628902252e-02
-3.267629526652425509e-02
1.598384691788627687e-02
-7.268369387727785513e-02
4.188748807262535762e-02
5.268588015041084094e-02
-1.106195641867208090e-02
-2.914816939465407486e-02
-3.328460233478484215e-02
-5.064021683324748929e-04
-3.854665845643153593e-02
1.970659278089260946e-02
-2.222698280989949746e-02
2.235954832081353885e-02
7.055742794365971182e-02
-6.872549523725248431e-03
7.406190592010991613e-02
2.779387503107282748e-02
3.800547691136868522e-02
2.854563705543198757e-02
6.512235691883073302e-03
-2.324041714324897451e-02
6.865322578206888016e-02
3.327759132566147221e-02
-2.153452125543601353e-02
5.405338790684185296e-02
-9.716013740199938575e-02
-1.067823217333772369e-02
6.459982758323271068e-02
1.103746505250003535e-02
3.487692937768094217e-03
1.068616503656655108e-02
-1.242181530694798407e-03
9.736402500763506954e-03
7.962775872852682554e-03
-8.382528739395352655e-04
-7.723600780798227372e-02
2.562156821883958355e-03
-5.703808262305445909e-02
-3.015904224621720683e-02
-3.578367024474830155e-02
-1.750826411954946663e-02
7.740559118601187186e-03
1.079051111211825759e-01
9.763319317551805501e-03
4.694267391658599187e-02
-3.880815498817526046e-03
-3.638942670069725271e-02
5.507907035508886190e-02
-1.365807355856704305e-02
2.014210276043686132e-02
-3.083496733289615641e-02
-6.207582808433803612e-02
-8.002549461111280182e-02
1.684895627215291306e-02
1.543947624405158162e-02
-6.346489661138358940e-02
-6.614881112755253458e-03
-6.616114647922967211e-03
9.965699825876900286e-02
1.339962260656626380e-01
-4.699450960893258866e-02
-1.535514017986805597e-02
-3.510102308301385476e-02
-9.398455780182136954e-02
-3.840880285979307585e-02
-3.336547175817348304e-02
1.008671402765195547e-02
6.173315774340619455e-02
2.269697501098738232e-03
-4.369409635284754803e-03
-1.101508758004127869e-02
6.560138973733459222e-02
-2.786826241443616375e-02
9.489965170835786001e-02
-3.432643328651311526e-02
5.013797308856426244e-02
-4.785202057132917873e-03
-4.729241057063462289e-02
6.691096025157391991e-02
-4.364071192520560527e-02
1.521399115215294785e-02
-7.039083005054136422e-02
-1.408230200960400476e-02
3.224304169327731062e-02
5.681809197885704689e-03
3.091041047120308624e-02
3.760357748891268032e-02
-3.074267947240778148e-02
-5.623670553897725660e-02
-5.215872656217216546e-02
-7.393560005029016502e-02
-4.089398707674972433e-02
6.706960250044545491e-02
-4.697240195879955060e-02
9.418412433828092512e-03
-1.199282468618044356e-01
-2.654050204028935919e-02
2.626039118662549989e-03
2.779286967299810299e-02
-4.861267967774655918e-02
4.934735318284120403e-03
1.499098927033550716e-02
-1.172941927493635905e-01
1.276925718928202669e-02
-7.547372986444112267e-03
-6.438808658261631346e-02
-6.637472067586970559e-02
3.240481030461059286e-02
-1.554213840790658226e-02
-4.585225875266439599e-02
-3.989470648024778972e-03
7.814837437980808044e-02
-1.620238302867037239e-02
-2.760353671299324834e-03
8.371736092488327174e-02
-4.053334316978438046e-02
-2.905428039566072124e-02
5.582638165083152887e-03
6.934721363732092303e-02
-4.222313603580044733e-02
-3.345797575335682922e-02
5.447978123612524232e-02
5.809207106270391358e-02
-4.087212230083440805e-03
-2.631775882560062618e-02
-1.374005571084081084e-02
-7.323279838152034482e-02
7.658612280089170665e-02
-8.630515115604252274e-02
2.577950333380238726e-02
4.472791236848843582e-02
6.288580851549414874e-02
6.518318180394794270e-02
2.670254321453477062e-02
-3.386062793179557551e-02
8.604426279506124930e-03
-2.670867876678034367e-02
-3.196048538587673016e-02
-5.099677339926628021e-03
-1.494659985500968180e-01
7.961925431393220010e-02
6.036243546636946983e-02
-7.614313469327979415e-03
4.467025737556989951e-02
6.096409839307472683e-02
1.247154684583444972e-01
-3.301621219638294774e-02
5.836564898450794479e-03
-1.161190499428854939e-01
-3.519113893635335277e-02
-2.113588887279509512e-02
9.321076675008570928e-03
-2.439574240687209655e-02
-1.010767671460040817e-01
5.250082679431004873e-02
1.320690857519316898e-02
-4.980991730154156472e-02
6.148720517134829977e-02
-1.001326016712067724e-01
9.909020454485637647e-03
-1.034244396227165380e-01
2.667503303809031986e-02
-6.887989206435232714e-02
-4.080888581230073670e-02
2.396259299878128121e-02
-4.808383561325225292e-02
1.577751567857605189e-02
-5.072853875014782243e-02
4.424341494211849433e-03
-3.150198503694445068e-02
5.346697822640374825e-02
9.940899517258285079e-02
2.305365377429662022e-02
-4.132808400194436238e-02
1.248029090489482899e-02
2.312096852157375163e-02
3.712312878324873500e-02
-1.187073889142545718e-01
3.825619512504062347e-02
-1.905029633971816114e-02
2.478347355601548743e-02
4.121133891284078921e-02
1.339789595244487118e-02
2.043397209545277232e-02
5.473211047379841765e-02
2.968135256239751510e-02
4.836086305899419541e-02
7.239676084367005493e-02
3.087216675362522422e-02
2.346142903947281283e-02
7.384049872745136744e-02
3.890665783209396045e-02
3.718855772223202127e-02
4.190066501853429576e-02
-5.825466789728541523e-04
1.251763526202661313e-02
5.748238560327664781e-02
-8.033759110576746409e-02
2.496618019136269059e-02
1.449769696021217281e-02
-3.719924669032022985e-02
-2.025060096246253383e-02
4.767725011570211197e-02
2.168515091173507658e-02
-2.166690945710898417e-02
1.635504046261463534e-02
-6.643581539154745641e-02
-1.412464289754581347e-02
2.308050016836196011e-02
-5.448046975924574625e-02
-1.310004077659852103e-03
-1.207737474383179486e-02
-1.159030416566752958e-01
-3.095291815011116249e-02
-3.604352483934824842e-03
5.418649543742543040e-02
-5.117861357816783086e-02
-7.237781157820497545e-03
1.703118539724672587e-02
1.156799889153748697e-03
2.117133024835416918e-02
1.970902985920796116e-02
-5.624133312456669476e-02
4.715407262751407369e-02
-8.761519695424683715e-03
-4.277080528108873070e-02
2.159304179597413414e-02
-8.104219184522855335e-02
-1.032245155972419393e-01
-2.907225854514607424e-02
4.794644480906341127e-02
4.189754532065338710e-02
-5.209358839250484300e-04
1.308208844864213773e-02
-3.305272650270406343e-02
-1.984279345035064313e-02
7.180865099132620333e-02
-3.549191753442931807e-02
-3.818483038931300838e-02
4.780510093519044906e-02
-4.869753238471623280e-02
-2.537876586976545515e-02
6.010314535851804876e-03
7.992142152085809914e-02
2.444007241485965376e-02
-3.349635715563142879e-02
-2.657639777453648516e-02
-5.477667576939082746e-03
-7.559857230829748753e-02
6.459704937772046962e-02
4.391936565415859722e-02
6.836164573481925966e-02
2.782370703311183753e-03
-6.484887992040677673e-02
-3.004853893184787454e-03
1.743404710165476906e-02
7.790069844191631343e-02
4.143957147578648109e-02
7.405244417147589797e-02
-1.602821208896735433e-02
-4.235506256128514918e-02
5.394043923295441939e-02
-1.045551569401350078e-01
1.011688656588695563e-02
6.622168423269540749e-02
-4.059747137731193473e-02
2.473921188975089155e-02
1.319023741011925155e-01
4.482321205169515627e-02
-1.802784267556292036e-02
-1.834130974478089329e-02
1.822557228093092674e-02
-9.700488983501552934e-03
-1.317767504022092535e-02
-6.333731717458772337e-02
2.959964225824058409e-02
2.090214228653236583e-02
-3.458525764028538146e-02
2.252948441829114370e-02
-9.622520223823925398e-03
-1.080640481738493267e-02
5.331199392330052567e-04
3.931276707195120040e-02
-2.856594474616138205e-02
5.373776732541942630e-02
-5.211468585675561871e-02
6.158393450735215324e-02
3.321406464640819234e-02
7.399962760899936320e-02
-4.690320651211045411e-02
-7.680216348204166321e-02
-1.151331657526687979e-01
9.172110744081571343e-02
-2.358897455919959849e-02
-8.194295560743845852e-02
-2.887764859025157560e-02
-4.586899991565845935e-02
-1.046772186376960546e-02
-1.624217575677108782e-02
-7.428217069584246157e-02
7.812152812785736443e-03
-3.538170208675962825e-02
3.621452196576955499e-03
-3.121738702160234066e-02
2.163364816121406131e-02
-6.668774779245816020e-02
1.058973188556966427e-02
4.095576187786047206e-02
1.175797333554274259e-02
1.031732482238683218e-01
-1.532492188531606354e-02
1.214655678970052027e-01
-1.402814431006717787e-02
7.635743679946750684e-02
4.799314653423546184e-02
-4.556607793897792663e-02
3.213445058405600685e-02
-7.075726435394682177e-03
3.832410728153679697e-02
-4.593402938352925818e-02
-9.455875701036698180e-03
-1.251624426413209742e-02
2.390422568610486506e-02
-3.834708655881434447e-02
-8.846338466307987480e-02
-5.155259199809691939e-02
-7.386840189116215816e-02
-5.653446711462770764e-04
-9.198626488208004603e-02
1.394354641559820670e-03
-3.213973205479067619e-02
-8.305262982952109569e-04
4.540672663320956953e-02
-2.002079843723168079e-02
4.397561918836562223e-02
-3.453723375320268130e-02
-2.475188906503823089e-02
-4.938923390903007110e-02
1.031891423871311442e-01
3.140051215491190817e-02
2.473826872572663232e-02
1.771215080014267376e-02
3.491299392857160483e-02
1.068292494159413762e-02
3.401523418833814205e-02
-5.738258241476805119e-03
-1.078694235857411698e-01
2.762196007093428718e-02
-6.386739326434035836e-03
4.369290857587293454e-04
-5.813976074710770769e-02
2.660422263954595121e-02
-2.064300139677916965e-02
2.146255835736048459e-02
-5.406200711996265312e-02
-5.103719196389629870e-02
-6.163615529913653995e-02
3.185884708989077801e-02
2.602459156616888925e-02
2.470056156596103433e-02
-5.198589169174307884e-02
-2.507063784056702549e-02
-6.110800561880146142e-02
9.565865218331400053e-04
7.290145163916758250e-03
-8.486084055135997839e-02
-1.049695910696637471e-03
-2.524479970490531994e-02
-3.472906096749218963e-02
-7.763094714496140969e-02
4.415774654157353374e-02
2.230922360963323581e-02
7.884360018397500169e-02
-4.056973952449084708e-02
6.970412182254916156e-02
-7.712269129115406630e-02
4.276389482788684610e-02
-1.604717441988650489e-02
2.358620513839640789e-02
3.528751362487053678e-02
3.165051318433989569e-02
6.719428136799539264e-02
-8.646321388152973519e-03
-5.226306161730470690e-02
-4.990888301267327326e-02
2.566008820149092221e-02
5.639440121811722939e-02
1.428902359727419503e-02
-7.233089681385476526e-03
-9.738353194050629325e-02
-1.151567219340800946e-02
-5.186458823545562341e-02
-5.020245735000086751e-02
2.412925059464437333e-02
3.539925348192249355e-02
-1.051313749673502343e-02
3.360302043287885509e-02
-2.597238269049892065e-02
7.014286621150989803e-03
2.920048800690190627e-02
5.568637802657129543e-02
1.762530794500263148e-02
8.218363475175866073e-02
1.996992770212952656e-02
7.177545194801124295e-02
9.522956165732902184e-03
-3.998085467337678806e-02
-1.527869429763127965e-02
5.596606653582364421e-02
-4.959269763172011181e-02
-3.339513706746826543e-02
-3.482472915886632853e-02
-8.661543555543531336e-02
-4.152833421108145795e-02
2.096226145854976353e-02
-1.082906813344425897e-03
1.393737211380519896e-06
7.990674295974445340e-02
7.262744317946749628e-02
-6.156208838440905412e-02
-2.276961256970639821e-02
-7.671936452728378951e-03
-1.518521529845902052e-01
-5.649728056358575140e-02
-7.241033761327346496e-02
3.370034269896859946e-02
-4.627165730187426246e-02
-1.901553220025362090e-02
-5.669811367226115784e-02
-9.697369490475987036e-03
-2.855259903721481599e-02
-1.253568394005228660e-02
1.659533867361233372e-02
6.491287199716272438e-02
-2.956564613704132025e-02
-5.799112868850719166e-02
-1.039773091232584074e-02
-3.945389790140069186e-02
4.232904528433065194e-02
-3.668127697483763300e-02
-2.143432393594177365e-02
-1.326573882061944133e-02
1.919397872045076892e-02
1.239623500903232201e-02
-5.812357387525255575e-03
-7.525348783390587055e-03
6.554011485482218874e-03
9.776950207502804399e-03
6.704338802587959945e-02
-8.235537038620589778e-02
2.015348689788273515e-02
4.049824387007563281e-02
2.174924548441534156e-02
-5.493005215468593772e-02
5.027619658704658712e-02
4.877758538435677388e-02
4.235141516966492437e-02
8.862573667124757021e-04
-1.193759656432428692e-02
4.162286026006536965e-02
-3.377248381503408087e-02
-3.517124633186838323e-02
-2.845035955991846027e-02
-6.120508573427179549e-02
-1.841323621314874120e-02
6.331220078541227592e-03
4.071352558349272677e-02
2.162497802337642883e-02
-2.690935314129418165e-02
-2.931252970173799099e-02
-3.978872724337589872e-02
2.937529451362120431e-02
-5.217480938678303870e-02
-5.772453574625442674e-02
4.712462752224477747e-02
5.317088300696898133e-03
-2.391430117273425637e-02
1.403926429795580577e-01
-6.170194204850817932e-02
1.085773997156535935e-02
-4.890772078291872466e-02
-2.977459009528059600e-02
-4.748603693646363810e-02
-4.908286921000738073e-02
3.365887994601662186e-02
7.780514269248123282e-02
1.387638161769820001e-02
4.207164693486810728e-03
-5.563105276452236236e-02
3.231164751214136988e-02
-5.737626701615446134e-02
4.627089997112759229e-02
4.397130424358989403e-02
-1.744940319446751029e-02
-1.598377047531711337e-02
7.955858748109308556e-03
8.088299017939017121e-02
-5.305265138099798938e-02
